 6.451264483898E+000  1.534080842857E-010  1.888529679339E-011 -2.046814572244E-011 -9.721218535256E-011 -1.538416252173E-010 -8.190238344748E-011  2.492885185902E-011 -2.156417998584E-011  2.978442783574E-011  2.496509998339E-013  1.878926285444E-011  1.853333450462E-011 -9.977106731595E-013  8.719951025096E-012  6.028440149262E-014 -3.042026464052E-013 -3.584743369499E-014  2.658715154555E-013 -6.219658688192E-013 -9.451064118724E-013 -1.032221978600E-012 -2.171506384478E-012 -2.625480799558E-012 -1.669975927987E-012 -1.196315661837E-012 -8.936985676201E-013  2.659244173265E-013  1.089051807185E-012  1.068269138099E-012  1.059400058119E-012  1.019110944107E-012  6.393750811085E-013  3.252867800616E-013  1.275240585771E-003  6.458303551894E-004 -8.756625389448E-003 -6.487854026268E-003 -4.757083834586E-002 -1.765213675889E-002  1.765213675889E-002  5.217409482004E-009  9.662495853737E-009  2.307428424624E-002 -9.001664487222E+032 -9.001663905614E+032 -9.001650806339E+032 -9.278282478400E-005
 1.534080842857E-010  1.228211367881E-019 -4.813811886140E-022 -2.523853917115E-021 -7.228609594774E-021 -9.030314823045E-021 -2.779187003751E-020 -3.109029057862E-020 -2.873811362255E-020  4.999567990766E-021 -4.595454314940E-020  6.458353783631E-021 -3.219132401696E-020  1.200030438575E-020 -1.161488900748E-020 -8.832838025914E-023 -1.148104596932E-021 -1.180686517538E-021 -6.606803598107E-022 -1.041857468278E-021 -1.293521437174E-021 -7.336476793016E-022 -4.036326480305E-022 -1.715471442585E-022  2.593387301633E-022  3.376556640573E-022  1.788715060698E-022  2.138845466305E-022  2.192317185843E-022  4.032336853874E-023 -5.997353311640E-023 -1.308286186345E-023 -8.190253206870E-024 -9.222478883197E-023  5.644049778011E-014 -6.197593349860E-013 -1.381650803191E-013  8.541819499547E-013 -5.489469270886E-012 -5.330058289813E-012  5.330058289813E-012 -2.691959748141E-019 -2.844757159975E-019 -5.711411224423E-013 -6.866053587767E+023 -6.866052266313E+023 -6.866044314826E+023 -7.077046301941E-014
 1.888529679339E-011 -4.813811886140E-022  3.316279464395E-020  6.592736517616E-021  3.456415532242E-021 -7.438480878094E-022  2.217257454496E-021 -2.280965200729E-021 -1.788407492285E-023  1.377122904050E-021 -3.049504799071E-021  6.254096624188E-021 -6.788406311116E-021  7.477657096176E-021 -5.044999154002E-021  3.456651773175E-021 -7.693534106277E-022 -3.174959552373E-024  3.595731890565E-022 -2.817758724847E-022 -3.408304103369E-022 -1.939900457797E-022 -3.570878811526E-022 -3.172436228973E-022 -1.215427982368E-022 -6.084385860257E-023  2.205800889948E-023  1.399670376845E-022  1.595295888450E-022  1.504094694335E-022  1.468673940503E-022  9.610247393355E-023  4.883738272577E-023  2.979799832153E-023  7.522652734517E-014 -9.588853694474E-013 -5.535130880422E-013 -3.287790487294E-013 -2.239097055004E-014  9.277203319555E-013 -9.277203319555E-013 -2.787887520626E-019 -5.023592363228E-019 -1.866312681935E-012  3.897806573829E+022  3.897806521509E+022  3.897806186958E+022  4.017590484230E-015
-2.046814572244E-011 -2.523853917115E-021  6.592736517616E-021  2.509106445852E-020 -1.141050188395E-020  2.933472755292E-021  4.756773761282E-023 -1.127955951558E-021  1.734765802380E-021 -3.042599828166E-021  1.594729526858E-021 -2.100732418059E-021  1.384411483308E-021 -2.053977832735E-021  1.169867730801E-021 -5.963774150601E-022  1.107070064832E-022  1.860558623599E-022  1.746643685453E-022  6.182648194000E-023 -3.127394649720E-023 -1.667669732686E-023 -1.881539901087E-022 -3.379288869476E-022 -2.453203583513E-022 -1.983466060635E-022 -1.912306366120E-022 -5.296934348659E-023  6.618190295536E-023  7.324848075069E-023  8.715693053534E-023  1.083788947923E-022  6.932771199496E-023  4.018146592003E-023 -5.168321049527E-014  4.819901461568E-013  1.088653660006E-013  8.372515556849E-013  2.080619107794E-012 -2.507550957491E-012  2.507550957491E-012 -1.968890469619E-018  1.693283818590E-019 -5.383146386763E-013 -1.474827863001E+023 -1.474827814627E+023 -1.474828200221E+023 -1.520151457693E-014
-9.721218535256E-011 -7.228609594774E-021  3.456415532242E-021 -1.141050188395E-020  2.173508944381E-019 -5.966028227907E-021  9.972075069466E-021 -4.402759389628E-022 -4.800815295228E-021  7.380097762315E-021 -6.648717843397E-021  1.617044694057E-020 -1.169144387611E-020  2.690328473419E-020 -9.481587918170E-021  1.795375812717E-020  1.359637957347E-021  4.602861715881E-021  3.438086955797E-021  1.419163880031E-021  1.118480448840E-021 -2.309969621387E-023 -6.485687945353E-022 -3.922014565329E-022 -9.479367555366E-022 -1.078618342464E-021 -3.006424757654E-022 -1.520719968933E-022 -2.797493069588E-022  1.894430248296E-022  4.535734828668E-022  1.767932336528E-022  1.193122272801E-022  2.980179857918E-022  2.874834919926E-013  1.272115703804E-012  2.724653855396E-012  1.644034836468E-012  1.539975610536E-012  1.697120893907E-011 -1.697120893907E-011  3.890442589043E-018 -6.425315699348E-019 -1.668220616329E-012  9.640736835185E+023  9.640736852228E+023  9.640736057136E+023  9.937007517827E-014
-1.538416252173E-010 -9.030314823045E-021 -7.438480878094E-022  2.933472755292E-021 -5.966028227907E-021  2.266769906592E-019 -3.042473783925E-020  1.578201790025E-020 -1.270978011551E-020  1.690859847073E-020 -1.468604415903E-020  1.582867534138E-020 -6.731685954369E-021  4.708643428658E-021 -1.893537430517E-022  3.314874675565E-022  4.082475702872E-022 -2.531414920399E-023  2.487507740881E-022 -1.139854417788E-024 -6.891846604082E-023  5.535899659510E-022  3.850196189329E-022  7.774383142052E-023  3.548572059978E-022  2.927745925514E-022 -1.140993975861E-022 -9.551644690087E-023  5.431061378543E-023 -1.395466146658E-022 -2.351661271245E-022 -4.103193575527E-023 -1.750468157246E-023 -1.205936908877E-022 -4.893882266089E-014  1.819016762026E-012 -6.039365747146E-012 -4.059373932703E-012  1.587287594221E-011 -1.356365787630E-011  1.356365787630E-011 -4.514180839962E-019  3.127751134197E-019 -5.943887014968E-014 -5.850249375721E+023 -5.850249477878E+023 -5.850249988796E+023 -6.030035223035E-014
-8.190238344748E-011 -2.779187003751E-020  2.217257454496E-021  4.756773761282E-023  9.972075069466E-021 -3.042473783925E-020  1.505835789941E-019 -3.461326343754E-020  2.529331608479E-020 -7.673618672841E-020  6.107087706818E-020 -1.184685929467E-019  6.439928869931E-020 -1.009323123581E-019  4.674890918603E-020 -3.997543651057E-020  4.320221246118E-021 -1.365957836002E-021 -5.458611039247E-021 -1.258195505675E-022  9.260484531046E-022 -1.041475075727E-021  5.875946401481E-022  9.737155143982E-022 -2.761694425497E-022  1.893513307432E-022  6.791763716940E-022  7.545643621386E-023 -9.232307678115E-023  2.065282020571E-022  8.846255754034E-023 -1.361431108536E-022 -2.797333694768E-023  1.896857452049E-023 -7.647383804434E-014 -4.766526320847E-013 -8.758957325725E-013  2.411976737733E-012 -1.015684727789E-011  1.700542294685E-011 -1.700542294685E-011  4.803544784209E-019  1.713470449359E-018  1.692820826077E-012  2.615474070797E+023  2.615474208518E+023  2.615471098346E+023  2.695847668909E-014
 2.492885185902E-011 -3.109029057862E-020 -2.280965200729E-021 -1.127955951558E-021 -4.402759389628E-022  1.578201790025E-020 -3.461326343754E-020  1.069349565570E-019 -4.979712697073E-020  6.153990166577E-020 -9.462718373468E-020  9.362963516375E-020 -1.347508112974E-019  7.218846728192E-020 -8.579325771951E-020  2.515669338291E-020 -1.271807631833E-020 -6.445380883298E-021  4.118620605568E-021  3.902399653207E-022  1.244668410505E-023  2.530018706860E-021  8.471695975775E-022  5.186232880200E-022  1.114854572734E-021  1.860931399205E-022 -8.706719361953E-023  1.669553979422E-022 -1.892658613033E-022 -3.244455958693E-022 -9.936747121246E-023 -1.193337634061E-022 -1.724716070486E-022 -2.481438167953E-023  6.940097156057E-014  8.540981204849E-013  8.124984086011E-013  1.453256154206E-012  6.521336391693E-012  1.587028619351E-012 -1.587028619351E-012  1.529229006311E-019 -9.831396390638E-019 -3.689007939622E-014  2.972098267660E+021  2.972082895665E+021  2.971827422508E+021  3.063157029521E-016
-2.156417998584E-011 -2.873811362255E-020 -1.788407492285E-023  1.734765802380E-021 -4.800815295228E-021 -1.270978011551E-020  2.529331608479E-020 -4.979712697073E-020  1.531279165918E-019 -1.357758802384E-019  1.810457377494E-019 -2.049049050082E-019  2.205156784830E-019 -2.274861611307E-019  1.287320562042E-019 -9.904505666116E-020  1.032731295255E-020 -5.542206781062E-021 -1.255464330876E-020  7.765159438693E-023  5.534790159423E-022 -1.447713443981E-021  1.761794271931E-021  9.310294738176E-022  2.399497324520E-022  1.503712182527E-021  6.041267923877E-022 -9.236504605306E-023  5.760408182607E-022  1.914192091708E-022 -4.165524833427E-022 -3.088301091159E-023  6.771464724612E-023 -3.239412343259E-022  1.385084286403E-014 -5.123650653685E-013 -8.868119701569E-013  4.511573882729E-013 -1.432096602870E-013 -2.085377083997E-011  2.085377083997E-011  2.947186267764E-019  9.990084648852E-019 -8.509393266368E-013  2.839571588875E+023  2.839571895213E+023  2.839568189171E+023  2.926831514866E-014
 2.978442783574E-011  4.999567990766E-021  1.377122904050E-021 -3.042599828166E-021  7.380097762315E-021  1.690859847073E-020 -7.673618672841E-020  6.153990166577E-020 -1.357758802384E-019  2.981293487917E-019 -3.342487683260E-019  4.380086578041E-019 -4.410107719662E-019  4.497723473981E-019 -3.247237531166E-019  1.791860400135E-019 -4.365102470411E-020 -8.566283738527E-021  2.157509267389E-020 -3.320743098772E-021 -3.159616822576E-021  6.521172379947E-021 -9.591714293741E-022 -1.125728037727E-021  2.101330487717E-021 -8.569411319590E-022 -9.370199626507E-022  7.322837820743E-022 -3.723185586916E-022 -5.966221050704E-022  3.788687669821E-022  7.051344895759E-023 -2.554728907865E-022  2.640294884290E-022 -4.988280883668E-014  6.042600123615E-013  1.303051713854E-012 -3.632773035362E-012  5.179366368328E-012  1.454271012899E-011 -1.454271012899E-011 -1.186902605685E-018 -1.637584980279E-018  1.117981609138E-012  1.409019059619E+023  1.409018778618E+023  1.409020105704E+023  1.452321027731E-014
 2.496509998339E-013 -4.595454314940E-020 -3.049504799071E-021  1.594729526858E-021 -6.648717843397E-021 -1.468604415903E-020  6.107087706818E-020 -9.462718373468E-020  1.810457377494E-019 -3.342487683260E-019  6.535369278773E-019 -7.350813937199E-019  9.124815717221E-019 -8.095357313054E-019  6.689821085586E-019 -3.694907020517E-019  9.940972899819E-020  1.296483132598E-020 -5.125129572428E-020  8.723535777118E-021  5.239521724089E-021 -1.645326161843E-020  3.303661362800E-021  3.449474879270E-021 -5.259354015136E-021  1.957926398621E-021  2.997627813723E-021 -1.311644330009E-021  7.667593522409E-022  1.820716120762E-021 -3.106746624772E-022 -1.228689012484E-022  7.111382784278E-022 -2.919000166189E-022  7.681919010653E-014 -7.418803205926E-013 -1.380921323728E-012  9.820548210127E-013 -2.268414732837E-012  6.874095768853E-012 -6.874095768853E-012  2.646696554531E-018  1.569099778924E-018 -1.742087404456E-012  6.871904281192E+023  6.871904882994E+023  6.871898621504E+023  7.083080298739E-014
 1.878926285444E-011  6.458353783631E-021  6.254096624188E-021 -2.100732418059E-021  1.617044694057E-020  1.582867534138E-020 -1.184685929467E-019  9.362963516375E-020 -2.049049050082E-019  4.380086578041E-019 -7.350813937199E-019  1.200673290664E-018 -1.297222559678E-018  1.453402197160E-018 -1.034454222534E-018  7.287205789430E-019 -1.620799887985E-019  1.735450075534E-020  1.025578076695E-019 -1.730762110423E-020 -2.533054122658E-021  2.817640177751E-020 -1.046033163763E-020 -6.567651891764E-021  6.845196270590E-021 -6.684989890324E-021 -5.760612595007E-021  2.083217994283E-021 -1.805714292513E-021 -2.400407489470E-021  1.677985323824E-021  7.692404504846E-022 -7.211010941485E-022  1.197854606784E-021 -1.054017234776E-013  2.939514558575E-013  2.260617859443E-012 -3.829505481482E-012  7.599274050690E-012 -6.212188173224E-012  6.212188173224E-012 -3.418258274952E-018 -1.858260992714E-018  1.845066295211E-012  3.842328673611E+023  3.842328174817E+023  3.842330295904E+023  3.960409804377E-014
 1.853333450462E-011 -3.219132401696E-020 -6.788406311116E-021  1.384411483308E-021 -1.169144387611E-020 -6.731685954369E-021  6.439928869931E-020 -1.347508112974E-019  2.205156784830E-019 -4.410107719662E-019  9.124815717221E-019 -1.297222559678E-018  1.849255857446E-018 -1.808395029473E-018  1.586780211566E-018 -9.115519323433E-019  2.989742070255E-019  2.224065699253E-020 -1.197222169021E-019  3.911693224122E-020  6.582033895535E-021 -3.967078888157E-020  1.167085657988E-020  3.754778501353E-021 -1.411405190443E-020  5.344099438010E-021  4.649412746746E-021 -4.486025127708E-021  2.235631700633E-021  3.643157688297E-021 -1.344913820844E-021  7.764000767510E-023  1.656978255443E-021 -8.536054223553E-022  1.242622095193E-013 -4.563755165572E-013 -2.134156781800E-012  1.219335217362E-012 -3.163255793925E-012 -4.950087981452E-012  4.950087981452E-012  4.550496780639E-018  1.837191009868E-018 -1.864079721001E-012  7.876107297453E+023  7.876108040654E+023  7.876102691951E+023  8.118144757280E-014
-9.977106731595E-013  1.200030438575E-020  7.477657096176E-021 -2.053977832735E-021  2.690328473419E-020  4.708643428658E-021 -1.009323123581E-019  7.218846728192E-020 -2.274861611307E-019  4.497723473981E-019 -8.095357313054E-019  1.453402197160E-018 -1.808395029473E-018  2.385494842267E-018 -1.814830744668E-018  1.429578832994E-018 -3.452744625504E-019  9.380046085756E-020  2.042416238487E-019 -3.408181069102E-020  1.602076375581E-020  5.432589230464E-020 -2.125907125046E-020 -7.026313458327E-021  1.093339023980E-020 -1.572467379379E-020 -1.020968836681E-020  2.612378596198E-021 -5.639261721764E-021 -4.531745712883E-021  3.350074106151E-021  8.886129222782E-022 -1.242879403416E-021  2.748554859804E-021 -1.526880984689E-013 -1.581423872590E-013  2.689328527994E-012 -3.627098553855E-012  7.184021335949E-012  2.735496969301E-011 -2.735496969301E-011 -4.286948099742E-018 -1.640809854055E-018  1.155606339371E-012  6.471172413318E+023  6.471171915836E+023  6.471174568798E+023  6.670041637173E-014
 8.719951025096E-012 -1.161488900748E-020 -5.044999154002E-021  1.169867730801E-021 -9.481587918170E-021 -1.893537430517E-022  4.674890918603E-020 -8.579325771951E-020  1.287320562042E-019 -3.247237531166E-019  6.689821085586E-019 -1.034454222534E-018  1.586780211566E-018 -1.814830744668E-018  1.875321133383E-018 -1.194629405579E-018  4.904021798823E-019 -1.592966260185E-020 -1.374258698605E-019  7.330243734421E-020 -2.185465729211E-021 -4.541833870981E-020  2.118792804133E-020  5.234932957466E-022 -1.759670238830E-020  8.346279155274E-021  3.473207964899E-021 -6.724367513314E-021  3.223300229711E-021  3.596949715585E-021 -2.445605046425E-021  3.737297479309E-022  1.925201022748E-021 -1.218480930138E-021  8.072123352690E-014 -1.068899567122E-014 -1.473334722158E-012  1.380179872260E-012 -2.586619988391E-012 -1.810562903048E-011  1.810562903048E-011  3.707918869443E-018  1.177355676806E-018 -5.772802180017E-013  4.682798472429E+023  4.682798941555E+023  4.682796410740E+023  4.826704347827E-014
 6.028440149262E-014 -8.832838025914E-023  3.456651773175E-021 -5.963774150601E-022  1.795375812717E-020  3.314874675565E-022 -3.997543651057E-020  2.515669338291E-020 -9.904505666116E-020  1.791860400135E-019 -3.694907020517E-019  7.287205789430E-019 -9.115519323433E-019  1.429578832994E-018 -1.194629405579E-018  1.290935694126E-018 -3.723255167491E-019  2.302737585196E-019  1.779285354191E-019 -2.381383498060E-020  5.305698937387E-020  4.774786245376E-020 -1.983132123318E-020  2.724893081843E-021  6.336317435949E-021 -1.837313263857E-020 -8.377811892618E-021 -1.880692490156E-022 -8.011974958493E-021 -3.988764195072E-021  2.769438368676E-021  1.031336928900E-022 -6.291765357943E-022  2.966266025751E-021 -7.279771279098E-014 -1.946188609220E-013  1.264224074186E-012 -1.390429055097E-012  4.039921322767E-012  9.821339037570E-012 -9.821339037570E-012 -1.973977891001E-018 -7.154303481194E-019  3.813252857507E-013  6.500553733904E+023  6.500553542009E+023  6.500554106741E+023  6.700324008941E-014
-3.042026464052E-013 -1.148104596932E-021 -7.693534106277E-022  1.107070064832E-022  1.359637957347E-021  4.082475702872E-022  4.320221246118E-021 -1.271807631833E-020  1.032731295255E-020 -4.365102470411E-020  9.940972899819E-020 -1.620799887985E-019  2.989742070255E-019 -3.452744625504E-019  4.904021798823E-019 -3.723255167491E-019  3.582126247983E-019 -9.096594349655E-020  5.193860150915E-020  5.344196151247E-020 -4.338609279140E-021  1.111325263121E-020  1.559389411436E-020 -4.968501877983E-021 -1.447426746656E-021  2.453713911234E-021 -4.803674834802E-021 -3.521332319001E-021  3.203265262791E-023 -1.843516478867E-021 -1.474979869560E-021  5.317909901874E-022 -1.230438750266E-022  3.360884519262E-023 -4.218346760877E-015  2.510709490271E-015 -1.278924250938E-014 -5.899012283081E-014 -2.061528869856E-013  4.358745251653E-012 -4.358745251653E-012  8.011521280555E-019  7.950515764829E-020 -8.601197791082E-015  2.189598812026E+023  2.189598871044E+023  2.189598582933E+023  2.256887585700E-014
-3.584743369499E-014 -1.180686517538E-021 -3.174959552373E-024  1.860558623599E-022  4.602861715881E-021 -2.531414920399E-023 -1.365957836002E-021 -6.445380883298E-021 -5.542206781062E-021 -8.566283738527E-021  1.296483132598E-020  1.735450075534E-020  2.224065699253E-020  9.380046085756E-020 -1.592966260185E-020  2.302737585196E-019 -9.096594349655E-020  2.576905837343E-019 -3.630639642159E-020  8.346221564157E-020  4.730122888375E-020  6.763380296895E-021  1.999256860157E-020  1.130885939781E-020 -5.137133151426E-021 -1.265293996330E-021 -1.551579730486E-021 -6.828956637228E-021 -4.154036724205E-021 -1.456951834515E-021 -2.185644469692E-021 -1.009037625964E-021  4.017573556652E-022  4.234240470521E-022 -1.405946638292E-014 -4.260010937174E-014  1.391601296356E-013 -1.273104237719E-013  6.820203025907E-013 -6.828955787761E-014  6.828955787761E-014  1.628724940736E-019 -5.001220766486E-020  9.448012090737E-014  2.905820425090E+023  2.905820440093E+023  2.905820280168E+023  2.995119645882E-014
 2.658715154555E-013 -6.606803598107E-022  3.595731890565E-022  1.746643685453E-022  3.438086955797E-021  2.487507740881E-022 -5.458611039247E-021  4.118620605568E-021 -1.255464330876E-020  2.157509267389E-020 -5.125129572428E-020  1.025578076695E-019 -1.197222169021E-019  2.042416238487E-019 -1.374258698605E-019  1.779285354191E-019  5.193860150915E-020 -3.630639642159E-020  2.113981693992E-019 -5.474677086315E-020  7.993542032629E-020  4.047520685797E-020 -4.991985354548E-022  2.060735277333E-020  1.141586447224E-020 -6.939789182021E-021 -3.256315329810E-022 -1.529771413254E-022 -6.982984521452E-021 -3.751382967104E-021 -3.874485399238E-022 -2.066498334380E-021 -1.283722214209E-021  1.033333802264E-021 -1.449033095715E-014 -2.655518621498E-014  1.922624087703E-013 -2.082355683888E-013  8.302209193512E-013 -3.589660580597E-012  3.589660580597E-012 -2.052130646558E-019 -1.423731407492E-019  1.128237283259E-013  1.588419124502E+023  1.588419092602E+023  1.588419123657E+023  1.637233165760E-014
-6.219658688192E-013 -1.041857468278E-021 -2.817758724847E-022  6.182648194000E-023  1.419163880031E-021 -1.139854417788E-024 -1.258195505675E-022  3.902399653207E-022  7.765159438693E-023 -3.320743098772E-021  8.723535777118E-021 -1.730762110423E-020  3.911693224122E-020 -3.408181069102E-020  7.330243734421E-020 -2.381383498060E-020  5.344196151247E-020  8.346221564157E-020 -5.474677086315E-020  1.735548836394E-019 -4.750478010200E-020  6.795461173128E-020  3.362818459370E-020  1.516564187410E-021  1.853614492773E-020  1.039501710314E-020 -5.128786171696E-021 -3.572799919342E-022 -2.751806786580E-022 -6.049709942437E-021 -3.572986709796E-021 -7.701387264513E-022 -2.277285125333E-021 -8.173176127462E-022 -8.591114794027E-015 -1.098612778900E-014  1.128531353493E-013 -1.081842917815E-013  4.865855488630E-014  4.165374211497E-012 -4.165374211497E-012  1.689289993833E-019 -7.280277470181E-020 -3.997908117397E-014  7.988319351394E+022  7.988319338365E+022  7.988318364522E+022  8.233809039148E-015
-9.451064118724E-013 -1.293521437174E-021 -3.408304103369E-022 -3.127394649720E-023  1.118480448840E-021 -6.891846604082E-023  9.260484531046E-022  1.244668410505E-023  5.534790159423E-022 -3.159616822576E-021  5.239521724089E-021 -2.533054122658E-021  6.582033895535E-021  1.602076375581E-020 -2.185465729211E-021  5.305698937387E-020 -4.338609279140E-021  4.730122888375E-020  7.993542032629E-020 -4.750478010200E-020  1.553318317416E-019 -4.297606164716E-020  6.284389514966E-020  3.120241768250E-020  9.732239331104E-022  1.670266169774E-020  9.629657471055E-021 -5.457088851595E-021 -1.143589240143E-021 -1.766576624970E-022 -5.577775341434E-021 -3.278326337421E-021  2.485160449052E-024 -1.966547729815E-021 -6.554574573508E-015 -2.169811534532E-014  5.813037075058E-014 -5.773633619293E-015  9.031926137620E-014  2.367259011950E-012 -2.367259011950E-012  9.463998205856E-020 -4.522095775042E-020 -5.284743031398E-015  6.252620725266E+022  6.252620726112E+022  6.252619465584E+022  6.444770014678E-015
-1.032221978600E-012 -7.336476793016E-022 -1.939900457797E-022 -1.667669732686E-023 -2.309969621387E-023  5.535899659510E-022 -1.041475075727E-021  2.530018706860E-021 -1.447713443981E-021  6.521172379947E-021 -1.645326161843E-020  2.817640177751E-020 -3.967078888157E-020  5.432589230464E-020 -4.541833870981E-020  4.774786245376E-020  1.111325263121E-020  6.763380296895E-021  4.047520685797E-020  6.795461173128E-020 -4.297606164716E-020  1.393403645985E-019 -4.098693590335E-020  5.745626030424E-020  2.933586764470E-020  3.222882880424E-022  1.486513303054E-020  9.245411784580E-021 -5.173517061189E-021 -1.596078114998E-021 -6.277667783834E-024 -4.342236311725E-021 -2.246778044244E-021 -3.882456519820E-022 -3.990786273682E-015 -4.513716402962E-015 -2.776372661852E-015 -1.788673081906E-014  3.475718106601E-013 -4.922878322569E-012  4.922878322569E-012 -5.016030519072E-020 -4.585530401915E-020  1.267937996970E-013  1.290589176490E+022  1.290589025940E+022  1.290588762194E+022  1.330250130901E-015
-2.171506384478E-012 -4.036326480305E-022 -3.570878811526E-022 -1.881539901087E-022 -6.485687945353E-022  3.850196189329E-022  5.875946401481E-022  8.471695975775E-022  1.761794271931E-021 -9.591714293741E-022  3.303661362800E-021 -1.046033163763E-020  1.167085657988E-020 -2.125907125046E-020  2.118792804133E-020 -1.983132123318E-020  1.559389411436E-020  1.999256860157E-020 -4.991985354548E-022  3.362818459370E-020  6.284389514966E-020 -4.098693590335E-020  1.253967209458E-019 -3.676030122384E-020  5.208138302696E-020  2.759212660114E-020  6.356306808765E-022  1.290099771245E-020  8.707093205980E-021 -4.815268126716E-021 -2.489200655019E-021 -1.029233769255E-022 -3.729354432633E-021 -2.765158113546E-021 -1.996558261288E-015 -5.044093595509E-015 -2.113347465800E-014  2.385368991199E-014  5.106852027566E-015  4.504817003755E-013 -4.504817003755E-013  7.473390828451E-020 -2.974385741388E-020  6.391796024614E-014 -1.927030723860E+022 -1.927030779833E+022 -1.927031005974E+022 -1.986250990388E-015
-2.625480799558E-012 -1.715471442585E-022 -3.172436228973E-022 -3.379288869476E-022 -3.922014565329E-022  7.774383142052E-023  9.737155143982E-022  5.186232880200E-022  9.310294738176E-022 -1.125728037727E-021  3.449474879270E-021 -6.567651891764E-021  3.754778501353E-021 -7.026313458327E-021  5.234932957466E-022  2.724893081843E-021 -4.968501877983E-021  1.130885939781E-020  2.060735277333E-020  1.516564187410E-021  3.120241768250E-020  5.745626030424E-020 -3.676030122384E-020  1.143807790460E-019 -3.377227382101E-020  4.736688491634E-020  2.584612712706E-020  2.125628901525E-023  1.122954516532E-020  8.466474331970E-021 -4.720394998874E-021 -2.116092313380E-021  1.668698588442E-021 -4.466188276247E-021 -2.113213192506E-015 -1.823566384929E-014 -4.771030569528E-015  6.681315392069E-014 -1.311887928776E-013  3.938409284723E-012 -3.938409284723E-012  5.775500910773E-020 -3.210821731379E-020 -2.381013551698E-015 -2.566319492876E+022 -2.566319535211E+022 -2.566319576771E+022 -2.645185672769E-015
-1.669975927987E-012  2.593387301633E-022 -1.215427982368E-022 -2.453203583513E-022 -9.479367555366E-022  3.548572059978E-022 -2.761694425497E-022  1.114854572734E-021  2.399497324520E-022  2.101330487717E-021 -5.259354015136E-021  6.845196270590E-021 -1.411405190443E-020  1.093339023980E-020 -1.759670238830E-020  6.336317435949E-021 -1.447426746656E-021 -5.137133151426E-021  1.141586447224E-020  1.853614492773E-020  9.732239331104E-022  2.933586764470E-020  5.208138302696E-020 -3.377227382101E-020  1.049835146149E-019 -3.056285127618E-020  4.262791384203E-020  2.414048345780E-020  5.406359695258E-022  9.837779413547E-021  7.592387664342E-021 -2.915317192012E-021 -8.006217702896E-023 -1.851970286754E-022  5.425486234176E-016 -7.251217783115E-015 -4.199210220384E-014  7.519650330610E-014  5.277433450505E-014 -2.431012779868E-012  2.431012779868E-012 -2.364125897009E-020 -1.644109752234E-020  5.272665274483E-014 -4.315757934427E+022 -4.315758031677E+022 -4.315757489659E+022 -4.448385919722E-015
-1.196315661837E-012  3.376556640573E-022 -6.084385860257E-023 -1.983466060635E-022 -1.078618342464E-021  2.927745925514E-022  1.893513307432E-022  1.860931399205E-022  1.503712182527E-021 -8.569411319590E-022  1.957926398621E-021 -6.684989890324E-021  5.344099438010E-021 -1.572467379379E-020  8.346279155274E-021 -1.837313263857E-020  2.453713911234E-021 -1.265293996330E-021 -6.939789182021E-021  1.039501710314E-020  1.670266169774E-020  3.222882880424E-022  2.759212660114E-020  4.736688491634E-020 -3.056285127618E-020  9.734004739048E-020 -2.744128219385E-020  3.852838137011E-020  2.308906871885E-020  4.276616735002E-022  7.483605003450E-021  6.634415031102E-021 -2.743870856248E-021 -1.411238532210E-021  1.868082991792E-015 -1.186580789783E-015 -5.599170081116E-014  9.585284831550E-014 -1.809729656448E-014 -2.437737878828E-012  2.437737878828E-012  6.456413241423E-021  5.928456666388E-021  4.554111339835E-014 -4.837140954859E+022 -4.837141004538E+022 -4.837140527952E+022 -4.985791693980E-015
-8.936985676201E-013  1.788715060698E-022  2.205800889948E-023 -1.912306366120E-022 -3.006424757654E-022 -1.140993975861E-022  6.791763716940E-022 -8.706719361953E-023  6.041267923877E-022 -9.370199626507E-022  2.997627813723E-021 -5.760612595007E-021  4.649412746746E-021 -1.020968836681E-020  3.473207964899E-021 -8.377811892618E-021 -4.803674834802E-021 -1.551579730486E-021 -3.256315329810E-022 -5.128786171696E-021  9.629657471055E-021  1.486513303054E-020  6.356306808765E-022  2.584612712706E-020  4.262791384203E-020 -2.744128219385E-020  9.024735149507E-020 -2.498438930889E-020  3.515866583744E-020  2.230982276585E-020  1.701177855935E-022  6.375487110483E-021  7.366702002913E-021 -3.538204830426E-021 -2.306252210136E-016 -9.073351187983E-015 -1.063890399248E-014  1.001687584467E-013 -1.440014267116E-013  2.606463041656E-012 -2.606463041656E-012  9.465648595130E-021  1.113596313718E-021 -1.540299332449E-014 -3.241082821065E+022 -3.241082842050E+022 -3.241082605100E+022 -3.340684986368E-015
 2.659244173265E-013  2.138845466305E-022  1.399670376845E-022 -5.296934348659E-023 -1.520719968933E-022 -9.551644690087E-023  7.545643621386E-023  1.669553979422E-022 -9.236504605306E-023  7.322837820743E-022 -1.311644330009E-021  2.083217994283E-021 -4.486025127708E-021  2.612378596198E-021 -6.724367513314E-021 -1.880692490156E-022 -3.521332319001E-021 -6.828956637228E-021 -1.529771413254E-022 -3.572799919342E-022 -5.457088851595E-021  9.245411784580E-021  1.290099771245E-020  2.125628901525E-023  2.414048345780E-020  3.852838137011E-020 -2.498438930889E-020  8.358487355963E-020 -2.198613740212E-020  3.235631448398E-020  2.115701180232E-020  1.513434839002E-021  7.402527041889E-021  5.492745949968E-021  1.842228830317E-017 -4.378021705565E-015 -2.900719360027E-015  8.432902827470E-014 -4.951948305851E-014  5.125077516927E-013 -5.125077516927E-013 -2.798729419965E-020  5.948647876434E-021 -4.016479956682E-015 -2.321953863707E+022 -2.321953897595E+022 -2.321953587532E+022 -2.393310022279E-015
 1.089051807185E-012  2.192317185843E-022  1.595295888450E-022  6.618190295536E-023 -2.797493069588E-022  5.431061378543E-023 -9.232307678115E-023 -1.892658613033E-022  5.760408182607E-022 -3.723185586916E-022  7.667593522409E-022 -1.805714292513E-021  2.235631700633E-021 -5.639261721764E-021  3.223300229711E-021 -8.011974958493E-021  3.203265262791E-023 -4.154036724205E-021 -6.982984521452E-021 -2.751806786580E-022 -1.143589240143E-021 -5.173517061189E-021  8.707093205980E-021  1.122954516532E-020  5.406359695258E-022  2.308906871885E-020  3.515866583744E-020 -2.198613740212E-020  7.708292789589E-020 -2.071271857833E-020  2.891476708904E-020  1.776259151490E-020 -2.156737721444E-021  7.563496139600E-021  1.263905163729E-015  4.320972113675E-015 -1.696606049376E-014  6.588721564730E-014  4.335374054064E-015 -2.295114019394E-012  2.295114019394E-012 -2.449610335114E-020  2.148365356467E-020  1.667169033323E-014 -1.834950112934E+022 -1.834950125177E+022 -1.834949874236E+022 -1.891340099010E-015
 1.068269138099E-012  4.032336853874E-023  1.504094694335E-022  7.324848075069E-023  1.894430248296E-022 -1.395466146658E-022  2.065282020571E-022 -3.244455958693E-022  1.914192091708E-022 -5.966221050704E-022  1.820716120762E-021 -2.400407489470E-021  3.643157688297E-021 -4.531745712883E-021  3.596949715585E-021 -3.988764195072E-021 -1.843516478867E-021 -1.456951834515E-021 -3.751382967104E-021 -6.049709942437E-021 -1.766576624970E-022 -1.596078114998E-021 -4.815268126716E-021  8.466474331970E-021  9.837779413547E-021  4.276616735002E-022  2.230982276585E-020  3.235631448398E-020 -2.071271857833E-020  7.084463529599E-020 -1.850527523550E-020  2.343580890535E-020  1.259364315897E-020  4.855873832392E-022 -3.041084377336E-017  9.820962639401E-016  9.281011317021E-015  3.314749423237E-014 -5.665581871265E-014  6.202696644265E-013 -6.202696644265E-013 -1.099797277221E-020  1.599607148178E-020 -1.055131122169E-014 -4.434419070283E+021 -4.434419001702E+021 -4.434418802556E+021 -4.570693856212E-016
 1.059400058119E-012 -5.997353311640E-023  1.468673940503E-022  8.715693053534E-023  4.535734828668E-022 -2.351661271245E-022  8.846255754034E-023 -9.936747121246E-023 -4.165524833427E-022  3.788687669821E-022 -3.106746624772E-022  1.677985323824E-021 -1.344913820844E-021  3.350074106151E-021 -2.445605046425E-021  2.769438368676E-021 -1.474979869560E-021 -2.185644469692E-021 -3.874485399238E-022 -3.572986709796E-021 -5.577775341434E-021 -6.277667783834E-024 -2.489200655019E-021 -4.720394998874E-021  7.592387664342E-021  7.483605003450E-021  1.701177855935E-022  2.115701180232E-020  2.891476708904E-020 -1.850527523550E-020  6.666771984076E-020 -1.639478135999E-020  2.116853975736E-020  1.317948612499E-020 -6.778550939341E-016 -4.816922980219E-016  2.669748891604E-014 -8.068244978430E-016 -3.848774949131E-014  1.618312651687E-012 -1.618312651687E-012 -1.490455573906E-020  7.530431783674E-021 -1.723598270481E-014  6.148462278750E+021  6.148462294733E+021  6.148461673059E+021  6.337411326273E-016
 1.019110944107E-012 -1.308286186345E-023  9.610247393355E-023  1.083788947923E-022  1.767932336528E-022 -4.103193575527E-023 -1.361431108536E-022 -1.193337634061E-022 -3.088301091159E-023  7.051344895759E-023 -1.228689012484E-022  7.692404504846E-022  7.764000767510E-023  8.886129222782E-022  3.737297479309E-022  1.031336928900E-022  5.317909901874E-022 -1.009037625964E-021 -2.066498334380E-021 -7.701387264513E-022 -3.278326337421E-021 -4.342236311725E-021 -1.029233769255E-022 -2.116092313380E-021 -2.915317192012E-021  6.634415031102E-021  6.375487110483E-021  1.513434839002E-021  1.776259151490E-020  2.343580890535E-020 -1.639478135999E-020  5.707634565345E-020 -2.374831473092E-020  2.447537563545E-020  4.564058560830E-016  3.777648465628E-015  7.410322967943E-015 -5.039609072149E-015  1.626862234217E-014 -7.661302251676E-013  7.661302251676E-013 -1.326394314099E-020  1.076949356163E-020  3.186360424465E-015  4.970532843852E+021  4.970532880885E+021  4.970532649485E+021  5.123283118369E-016
 6.393750811085E-013 -8.190253206870E-024  4.883738272577E-023  6.932771199496E-023  1.193122272801E-022 -1.750468157246E-023 -2.797333694768E-023 -1.724716070486E-022  6.771464724612E-023 -2.554728907865E-022  7.111382784278E-022 -7.211010941485E-022  1.656978255443E-021 -1.242879403416E-021  1.925201022748E-021 -6.291765357943E-022 -1.230438750266E-022  4.017573556652E-022 -1.283722214209E-021 -2.277285125333E-021  2.485160449052E-024 -2.246778044244E-021 -3.729354432633E-021  1.668698588442E-021 -8.006217702896E-023 -2.743870856248E-021  7.366702002913E-021  7.402527041889E-021 -2.156737721444E-021  1.259364315897E-020  2.116853975736E-020 -2.374831473092E-020  3.738362710174E-020 -1.269102336973E-020  3.271637551405E-016  1.554479637042E-015  2.499239384160E-015  1.762088154412E-015 -8.292029717017E-015 -2.602980512186E-013  2.602980512186E-013 -3.982894218831E-021  7.257870485586E-021 -1.455781189810E-015  4.153256698102E+021  4.153256777250E+021  4.153256465071E+021  4.280891044611E-016
 3.252867800616E-013 -9.222478883197E-023  2.979799832153E-023  4.018146592003E-023  2.980179857918E-022 -1.205936908877E-022  1.896857452049E-023 -2.481438167953E-023 -3.239412343259E-022  2.640294884290E-022 -2.919000166189E-022  1.197854606784E-021 -8.536054223553E-022  2.748554859804E-021 -1.218480930138E-021  2.966266025751E-021  3.360884519262E-023  4.234240470521E-022  1.033333802264E-021 -8.173176127462E-022 -1.966547729815E-021 -3.882456519820E-022 -2.765158113546E-021 -4.466188276247E-021 -1.851970286754E-022 -1.411238532210E-021 -3.538204830426E-021  5.492745949968E-021  7.563496139600E-021  4.855873832392E-022  1.317948612499E-020  2.447537563545E-020 -1.269102336973E-020  3.198684568553E-020 -4.793022648870E-016 -7.949011367915E-016  1.600913042805E-014 -3.180390170484E-014 -1.394946896879E-014  1.125797998336E-012 -1.125797998336E-012  1.174000081083E-021 -1.307725297581E-021 -8.922744653033E-015  1.015460004229E+022  1.015460009666E+022  1.015459903750E+022  1.046666212642E-015
 1.275240585771E-003  5.644049778011E-014  7.522652734517E-014 -5.168321049527E-014  2.874834919926E-013 -4.893882266089E-014 -7.647383804434E-014  6.940097156057E-014  1.385084286403E-014 -4.988280883668E-014  7.681919010653E-014 -1.054017234776E-013  1.242622095193E-013 -1.526880984689E-013  8.072123352690E-014 -7.279771279098E-014 -4.218346760877E-015 -1.405946638292E-014 -1.449033095715E-014 -8.591114794027E-015 -6.554574573508E-015 -3.990786273682E-015 -1.996558261288E-015 -2.113213192506E-015  5.425486234176E-016  1.868082991792E-015 -2.306252210136E-016  1.842228830317E-017  1.263905163729E-015 -3.041084377336E-017 -6.778550939341E-016  4.564058560830E-016  3.271637551405E-016 -4.793022648870E-016  2.049754959012E-005 -3.231389634276E-006 -2.841185527371E-005  3.272185066415E-004 -2.651819148948E-005 -8.464614718270E-005  8.464614718270E-005  1.137745194789E-011  1.131274654993E-011  1.680000480076E-005  6.682936195431E+029  6.682935059765E+029  6.682943848708E+029  6.888318910700E-008
 6.458303551894E-004 -6.197593349860E-013 -9.588853694474E-013  4.819901461568E-013  1.272115703804E-012  1.819016762026E-012 -4.766526320847E-013  8.540981204849E-013 -5.123650653685E-013  6.042600123615E-013 -7.418803205926E-013  2.939514558575E-013 -4.563755165572E-013 -1.581423872590E-013 -1.068899567122E-014 -1.946188609220E-013  2.510709490271E-015 -4.260010937174E-014 -2.655518621498E-014 -1.098612778900E-014 -2.169811534532E-014 -4.513716402962E-015 -5.044093595509E-015 -1.823566384929E-014 -7.251217783115E-015 -1.186580789783E-015 -9.073351187983E-015 -4.378021705565E-015  4.320972113675E-015  9.820962639401E-016 -4.816922980219E-016  3.777648465628E-015  1.554479637042E-015 -7.949011367915E-016 -3.231389634276E-006  5.458908406425E-004 -8.145559713908E-005 -2.789194807187E-004  1.973646511571E-004 -3.422719056041E-004  3.422719056041E-004  7.733229933194E-012  2.402276924254E-011  1.795267661155E-004 -1.385298302601E+031 -1.385298285548E+031 -1.385298936361E+031 -1.427870847978E-006
-8.756625389448E-003 -1.381650803191E-013 -5.535130880422E-013  1.088653660006E-013  2.724653855396E-012 -6.039365747146E-012 -8.758957325725E-013  8.124984086011E-013 -8.868119701569E-013  1.303051713854E-012 -1.380921323728E-012  2.260617859443E-012 -2.134156781800E-012  2.689328527994E-012 -1.473334722158E-012  1.264224074186E-012 -1.278924250938E-014  1.391601296356E-013  1.922624087703E-013  1.128531353493E-013  5.813037075058E-014 -2.776372661852E-015 -2.113347465800E-014 -4.771030569528E-015 -4.199210220384E-014 -5.599170081116E-014 -1.063890399248E-014 -2.900719360027E-015 -1.696606049376E-014  9.281011317021E-015  2.669748891604E-014  7.410322967943E-015  2.499239384160E-015  1.600913042805E-014 -2.841185527371E-005 -8.145559713908E-005  2.055118823766E-003 -1.183776278493E-003 -3.175922734178E-005  1.247678998482E-003 -1.247678998482E-003 -1.181846049343E-011 -8.797490996888E-011 -3.479408278866E-004  3.416246933451E+031  3.416247192218E+031  3.416246281722E+031  3.521231627197E-006
-6.487854026268E-003  8.541819499547E-013 -3.287790487294E-013  8.372515556849E-013  1.644034836468E-012 -4.059373932703E-012  2.411976737733E-012  1.453256154206E-012  4.511573882729E-013 -3.632773035362E-012  9.820548210127E-013 -3.829505481482E-012  1.219335217362E-012 -3.627098553855E-012  1.380179872260E-012 -1.390429055097E-012 -5.899012283081E-014 -1.273104237719E-013 -2.082355683888E-013 -1.081842917815E-013 -5.773633619293E-015 -1.788673081906E-014  2.385368991199E-014  6.681315392069E-014  7.519650330610E-014  9.585284831550E-014  1.001687584467E-013  8.432902827470E-014  6.588721564730E-014  3.314749423237E-014 -8.068244978430E-016 -5.039609072149E-015  1.762088154412E-015 -3.180390170484E-014  3.272185066415E-004 -2.789194807187E-004 -1.183776278493E-003  3.061804045979E-002 -7.362672204803E-004 -7.540832241682E-004  7.540832241682E-004 -1.828456091660E-010  2.300127483727E-010  5.867094794728E-004 -1.182726280286E+032 -1.182726264962E+032 -1.182726225613E+032 -1.219072832876E-005
-4.757083834586E-002 -5.489469270886E-012 -2.239097055004E-014  2.080619107794E-012  1.539975610536E-012  1.587287594221E-011 -1.015684727789E-011  6.521336391693E-012 -1.432096602870E-013  5.179366368328E-012 -2.268414732837E-012  7.599274050690E-012 -3.163255793925E-012  7.184021335949E-012 -2.586619988391E-012  4.039921322767E-012 -2.061528869856E-013  6.820203025907E-013  8.302209193512E-013  4.865855488630E-014  9.031926137620E-014  3.475718106601E-013  5.106852027566E-015 -1.311887928776E-013  5.277433450505E-014 -1.809729656448E-014 -1.440014267116E-013 -4.951948305851E-014  4.335374054064E-015 -5.665581871265E-014 -3.848774949131E-014  1.626862234217E-014 -8.292029717017E-015 -1.394946896879E-014 -2.651819148948E-005  1.973646511571E-004 -3.175922734178E-005 -7.362672204803E-004  5.261917881819E-002 -3.259637325187E-003  3.259637325187E-003 -1.188835603470E-009 -4.629258869332E-010 -2.137371102952E-003 -2.187209481549E+032 -2.187209550122E+032 -2.187209874216E+032 -2.254425467809E-005
-1.765213675889E-002 -5.330058289813E-012  9.277203319555E-013 -2.507550957491E-012  1.697120893907E-011 -1.356365787630E-011  1.700542294685E-011  1.587028619351E-012 -2.085377083997E-011  1.454271012899E-011  6.874095768853E-012 -6.212188173224E-012 -4.950087981452E-012  2.735496969301E-011 -1.810562903048E-011  9.821339037570E-012  4.358745251653E-012 -6.828955787761E-014 -3.589660580597E-012  4.165374211497E-012  2.367259011950E-012 -4.922878322569E-012  4.504817003755E-013  3.938409284723E-012 -2.431012779868E-012 -2.437737878828E-012  2.606463041656E-012  5.125077516927E-013 -2.295114019394E-012  6.202696644265E-013  1.618312651687E-012 -7.661302251676E-013 -2.602980512186E-013  1.125797998336E-012 -8.464614718270E-005 -3.422719056041E-004  1.247678998482E-003 -7.540832241682E-004 -3.259637325187E-003  1.799196722180E-001 -1.799196722180E-001  4.292567149140E-010 -4.516319854503E-010 -1.167257622204E-003  1.952866058800E+032  1.952866052398E+032  1.952865552894E+032  2.012879471043E-005
 1.765213675889E-002  5.330058289813E-012 -9.277203319555E-013  2.507550957491E-012 -1.697120893907E-011  1.356365787630E-011 -1.700542294685E-011 -1.587028619351E-012  2.085377083997E-011 -1.454271012899E-011 -6.874095768853E-012  6.212188173224E-012  4.950087981452E-012 -2.735496969301E-011  1.810562903048E-011 -9.821339037570E-012 -4.358745251653E-012  6.828955787761E-014  3.589660580597E-012 -4.165374211497E-012 -2.367259011950E-012  4.922878322569E-012 -4.504817003755E-013 -3.938409284723E-012  2.431012779868E-012  2.437737878828E-012 -2.606463041656E-012 -5.125077516927E-013  2.295114019394E-012 -6.202696644265E-013 -1.618312651687E-012  7.661302251676E-013  2.602980512186E-013 -1.125797998336E-012  8.464614718270E-005  3.422719056041E-004 -1.247678998482E-003  7.540832241682E-004  3.259637325187E-003 -1.799196722180E-001  1.799196722180E-001 -4.292567149140E-010  4.516319854503E-010  1.167257622204E-003 -1.952866058800E+032 -1.952866052398E+032 -1.952865552894E+032 -2.012879471043E-005
 5.217409482004E-009 -2.691959748141E-019 -2.787887520626E-019 -1.968890469619E-018  3.890442589043E-018 -4.514180839962E-019  4.803544784209E-019  1.529229006311E-019  2.947186267764E-019 -1.186902605685E-018  2.646696554531E-018 -3.418258274952E-018  4.550496780639E-018 -4.286948099742E-018  3.707918869443E-018 -1.973977891001E-018  8.011521280555E-019  1.628724940736E-019 -2.052130646558E-019  1.689289993833E-019  9.463998205856E-020 -5.016030519072E-020  7.473390828451E-020  5.775500910773E-020 -2.364125897009E-020  6.456413241423E-021  9.465648595130E-021 -2.798729419965E-020 -2.449610335114E-020 -1.099797277221E-020 -1.490455573906E-020 -1.326394314099E-020 -3.982894218831E-021  1.174000081083E-021  1.137745194789E-011  7.733229933194E-012 -1.181846049343E-011 -1.828456091660E-010 -1.188835603470E-009  4.292567149140E-010 -4.292567149140E-010  1.552903993309E-015 -9.550010912825E-017  6.162056932999E-010  3.355710339757E+026  3.355712104913E+026  3.355706779398E+026  3.458831500362E-011
 9.662495853737E-009 -2.844757159975E-019 -5.023592363228E-019  1.693283818590E-019 -6.425315699348E-019  3.127751134197E-019  1.713470449359E-018 -9.831396390638E-019  9.990084648852E-019 -1.637584980279E-018  1.569099778924E-018 -1.858260992714E-018  1.837191009868E-018 -1.640809854055E-018  1.177355676806E-018 -7.154303481194E-019  7.950515764829E-020 -5.001220766486E-020 -1.423731407492E-019 -7.280277470181E-020 -4.522095775042E-020 -4.585530401915E-020 -2.974385741388E-020 -3.210821731379E-020 -1.644109752234E-020  5.928456666388E-021  1.113596313718E-021  5.948647876434E-021  2.148365356467E-020  1.599607148178E-020  7.530431783674E-021  1.076949356163E-020  7.257870485586E-021 -1.307725297581E-021  1.131274654993E-011  2.402276924254E-011 -8.797490996888E-011  2.300127483727E-010 -4.629258869332E-010 -4.516319854503E-010  4.516319854503E-010 -9.550010912825E-017  4.277058510474E-016  7.313328422887E-010 -6.333585807295E+025 -6.333585536409E+025 -6.333586623851E+025 -6.528225422704E-012
 2.307428424624E-002 -5.711411224423E-013 -1.866312681935E-012 -5.383146386763E-013 -1.668220616329E-012 -5.943887014968E-014  1.692820826077E-012 -3.689007939622E-014 -8.509393266368E-013  1.117981609138E-012 -1.742087404456E-012  1.845066295211E-012 -1.864079721001E-012  1.155606339371E-012 -5.772802180017E-013  3.813252857507E-013 -8.601197791082E-015  9.448012090737E-014  1.128237283259E-013 -3.997908117397E-014 -5.284743031398E-015  1.267937996970E-013  6.391796024614E-014 -2.381013551698E-015  5.272665274483E-014  4.554111339835E-014 -1.540299332449E-014 -4.016479956682E-015  1.667169033323E-014 -1.055131122169E-014 -1.723598270481E-014  3.186360424465E-015 -1.455781189810E-015 -8.922744653033E-015  1.680000480076E-005  1.795267661155E-004 -3.479408278866E-004  5.867094794728E-004 -2.137371102952E-003 -1.167257622204E-003  1.167257622204E-003  6.162056932999E-010  7.313328422887E-010  2.902409170357E-003  9.001671529735E+031  9.001671748996E+031  9.001670521640E+031  9.278302704863E-006
-9.001664487222E+032 -6.866053587767E+023  3.897806573829E+022 -1.474827863001E+023  9.640736835185E+023 -5.850249375721E+023  2.615474070797E+023  2.972098267660E+021  2.839571588875E+023  1.409019059619E+023  6.871904281192E+023  3.842328673611E+023  7.876107297453E+023  6.471172413318E+023  4.682798472429E+023  6.500553733904E+023  2.189598812026E+023  2.905820425090E+023  1.588419124502E+023  7.988319351394E+022  6.252620725266E+022  1.290589176490E+022 -1.927030723860E+022 -2.566319492876E+022 -4.315757934427E+022 -4.837140954859E+022 -3.241082821065E+022 -2.321953863707E+022 -1.834950112934E+022 -4.434419070283E+021  6.148462278750E+021  4.970532843852E+021  4.153256698102E+021  1.015460004229E+022  6.682936195431E+029 -1.385298302601E+031  3.416246933451E+031 -1.182726280286E+032 -2.187209481549E+032  1.952866058800E+032 -1.952866058800E+032  3.355710339757E+026 -6.333585807295E+025  9.001671529735E+031  1.448699525454E+068  1.448690566954E+068  1.448716375522E+068  1.493237173467E+031
-9.001663905614E+032 -6.866052266313E+023  3.897806521509E+022 -1.474827814627E+023  9.640736852228E+023 -5.850249477878E+023  2.615474208518E+023  2.972082895665E+021  2.839571895213E+023  1.409018778618E+023  6.871904882994E+023  3.842328174817E+023  7.876108040654E+023  6.471171915836E+023  4.682798941555E+023  6.500553542009E+023  2.189598871044E+023  2.905820440093E+023  1.588419092602E+023  7.988319338365E+022  6.252620726112E+022  1.290589025940E+022 -1.927030779833E+022 -2.566319535211E+022 -4.315758031677E+022 -4.837141004538E+022 -3.241082842050E+022 -2.321953897595E+022 -1.834950125177E+022 -4.434419001702E+021  6.148462294733E+021  4.970532880885E+021  4.153256777250E+021  1.015460009666E+022  6.682935059765E+029 -1.385298285548E+031  3.416247192218E+031 -1.182726264962E+032 -2.187209550122E+032  1.952866052398E+032 -1.952866052398E+032  3.355712104913E+026 -6.333585536409E+025  9.001671748996E+031  1.448690566954E+068  1.448682608454E+068  1.448707417022E+068  1.493227939662E+031
-9.001650806339E+032 -6.866044314826E+023  3.897806186958E+022 -1.474828200221E+023  9.640736057136E+023 -5.850249988796E+023  2.615471098346E+023  2.971827422508E+021  2.839568189171E+023  1.409020105704E+023  6.871898621504E+023  3.842330295904E+023  7.876102691951E+023  6.471174568798E+023  4.682796410740E+023  6.500554106741E+023  2.189598582933E+023  2.905820280168E+023  1.588419123657E+023  7.988318364522E+022  6.252619465584E+022  1.290588762194E+022 -1.927031005974E+022 -2.566319576771E+022 -4.315757489659E+022 -4.837140527952E+022 -3.241082605100E+022 -2.321953587532E+022 -1.834949874236E+022 -4.434418802556E+021  6.148461673059E+021  4.970532649485E+021  4.153256465071E+021  1.015459903750E+022  6.682943848708E+029 -1.385298936361E+031  3.416246281722E+031 -1.182726225613E+032 -2.187209874216E+032  1.952865552894E+032 -1.952865552894E+032  3.355706779398E+026 -6.333586623851E+025  9.001670521640E+031  1.448716375522E+068  1.448707417022E+068  1.448734225589E+068  1.493255572088E+031
-9.278282478400E-005 -7.077046301941E-014  4.017590484230E-015 -1.520151457693E-014  9.937007517827E-014 -6.030035223035E-014  2.695847668909E-014  3.063157029521E-016  2.926831514866E-014  1.452321027731E-014  7.083080298739E-014  3.960409804377E-014  8.118144757280E-014  6.670041637173E-014  4.826704347827E-014  6.700324008941E-014  2.256887585700E-014  2.995119645882E-014  1.637233165760E-014  8.233809039148E-015  6.444770014678E-015  1.330250130901E-015 -1.986250990388E-015 -2.645185672769E-015 -4.448385919722E-015 -4.985791693980E-015 -3.340684986368E-015 -2.393310022279E-015 -1.891340099010E-015 -4.570693856212E-016  6.337411326273E-016  5.123283118369E-016  4.280891044611E-016  1.046666212642E-015  6.888318910700E-008 -1.427870847978E-006  3.521231627197E-006 -1.219072832876E-005 -2.254425467809E-005  2.012879471043E-005 -2.012879471043E-005  3.458831500362E-011 -6.528225422704E-012  9.278302704863E-006  1.493237173467E+031  1.493227939662E+031  1.493255572088E+031  1.539146175559E-006
