1.266865330715E+008   
6.572507403732E-003   
-4.980015903591E-010  
-7.851658045838E-011  
-9.739736123287E-010  
-6.581607005391E-010  
-1.650628525900E-008  
-1.955357228568E-004  
-2.187759664169E-008  
9.485249752974E-006   
3.058076950980E-008   
-5.865890588425E-007  
-2.578027024271E-008  
4.057135145182E-008   
5.611123434300E-009   
1.068562387020E-008   
-1.144485562863E-009  
-4.439939002339E-009  
-4.430070629940E-009  
2.057038595684E-009   
7.231758895768E-009   
2.906611561554E-009   
-5.318348120329E-009  
-4.522258466071E-009  
3.715588985990E-009   
5.504843902474E-009   
-3.738979167822E-010  
-3.389035925739E-009  
-1.410490245640E-009  
7.490450668445E-010   
1.131442509851E-009   
-1.239624949474E-009  
-4.563069092984E-009  
-1.963192015639E-009  
5.588996444811E-001   
2.384382849952E-001   
2.281527914831E-001   
1.521005730834E+000   
-1.008753296403E-001  
6.251138009363E-002   
-6.251138009363E-002  
-1.604706469910E+000  
1.125687327082E+000   
1.092751149327E+000   
2.426568859276E+036   
2.426568858813E+036   
2.569152816313E+036   
2.648105985197E-001   
