Parameters:
J2
J3
J4
J5
J6
J7
J8
J9
J10
J11
J12
J13
J14
J15
J16
J17
J18
J19
J20
J21
J22
J23
J24
J25
J26
J27
J28
J29
J30
J31
J32
J33
J34
J35
J36
J37
J38
J39
J40

Lower triangular matrix of the covariance matrix:

 2.65073295633928e-18,
-1.20198601948538e-18,  6.90168875205213e-18,
-1.86682003496067e-19, -1.89693324175954e-18,  4.55635607370919e-18,
-8.09145385161746e-19,  2.64991268501016e-18, -1.73741634697318e-18,  6.42483378047241e-18,
 3.05020430175858e-19, -7.83826412556205e-19,  1.45920684275299e-18, -1.99566232914668e-18,  4.10200440232378e-18,
-3.05948857479182e-19,  1.12026938415928e-18, -9.09142010742586e-19,  2.59405486460683e-18, -2.70134081724177e-18,  6.22008098400134e-18,
 8.07905415857917e-20, -3.45238717732625e-19,  4.70889672109889e-19, -8.58279992820597e-19,  1.75979073220771e-18, -2.70407004215991e-18,  4.35983037891994e-18,
-9.07869883195253e-20,  3.95039707091289e-19, -4.34624176150115e-19,  9.70742259639678e-19, -1.66543429768047e-18,  3.20904399083703e-18, -4.57007438312641e-18,  6.62200329378745e-18,
 3.76547698906847e-20, -2.75087625319873e-19,  3.91096768458443e-19, -7.28360119855086e-19,  1.53376151075488e-18, -2.70626455634261e-18,  4.78347720656260e-18, -6.44284307475943e-18,  8.71915807548655e-18,
-3.77809786141893e-20,  1.97268194950348e-19, -2.38406333543235e-19,  5.23040412920858e-19, -1.01505844318039e-18,  2.07550951423401e-18, -3.57717674460984e-18,  5.79522679560078e-18, -7.81118793837329e-18,  9.27936872115529e-18,
-2.05043761415824e-20, -1.08945587990741e-21,  5.43841084959321e-20, -8.81934100490955e-20,  3.46936328354604e-19, -7.22892963734397e-19,  1.84247253696997e-18, -3.32299522676789e-18,  5.96286540105863e-18, -8.04582044998452e-18,  9.46230233010352e-18,
 1.38595838588013e-20, -8.79221495652209e-20,  1.20566569205392e-19, -2.27681639338378e-19,  4.04125474979524e-19, -5.42312350001214e-19,  5.30576176524329e-19,  1.71134577847496e-19, -1.72068316225215e-18,  4.63169694616557e-18, -7.16365140785137e-18,  8.90368716310736e-18,
-5.16659660908870e-20,  2.03773586200852e-19, -2.22879468473385e-19,  4.93818196241119e-19, -8.40965162360357e-19,  1.60625010785147e-18, -2.27469666247762e-18,  3.06765785493637e-18, -2.52728007963276e-18,  9.12400823618975e-19,  3.15652894589671e-18, -6.92484601856551e-18,  1.04892525694631e-17,
 1.75484685278181e-20, -1.69736474663851e-19,  2.43212439622171e-19, -4.80452182956112e-19,  1.01769672248238e-18, -1.89045799710051e-18,  3.36058775267526e-18, -4.89720822012242e-18,  6.42633157961072e-18, -5.95930890676216e-18,  3.65453450461648e-18,  2.58407362583262e-18, -8.93881949559435e-18,  1.49944589781153e-17,
-2.95390466793719e-20,  1.30865804590991e-19, -1.51587477154790e-19,  3.43806182396698e-19, -6.83819756229824e-19,  1.51725578002906e-18, -2.77806212230727e-18,  4.88319191734857e-18, -7.08929610594423e-18,  9.06875125988670e-18, -8.24374138515656e-18,  4.43883626270757e-18,  4.45771772430841e-18, -1.36879743551795e-17,  2.12815465023611e-17,
-1.03647273622529e-20, -1.46162984106789e-20,  3.58277501929315e-20, -5.94143976656422e-20,  2.53199136169126e-19, -5.79679031479777e-19,  1.52986276582454e-18, -2.96356095653039e-18,  5.59553063778742e-18, -8.23799638931090e-18,  1.07089448037919e-17, -9.18517039498449e-18,  3.96663420036487e-18,  7.84776127930852e-18, -1.89250997247974e-17,  2.69101065169759e-17,
 3.97365313000283e-21, -6.07503120261614e-20,  9.42618200561889e-20, -1.68153148260869e-19,  3.21974701708893e-19, -4.16391052674328e-19,  4.71543873980626e-19,  1.12064809167560e-19, -1.39820891367790e-18,  4.35654898182698e-18, -7.52947839442985e-18,  1.08411874127229e-17, -9.52682330991327e-18,  3.88707988466950e-18,  9.27680185325928e-18, -2.08700051447120e-17,  2.79261038873607e-17,
-2.16458281290464e-20,  9.11383152228782e-20, -1.09833999232943e-19,  2.44575137289149e-19, -4.45262986222054e-19,  9.01802798852175e-19, -1.40989703199434e-18,  2.07119771743794e-18, -2.08757283056341e-18,  1.23514344308950e-18,  1.84739667857756e-18, -5.88231396945666e-18,  1.08158604603136e-17, -1.12797100803788e-17,  6.89651173819391e-18,  6.20660756400151e-18, -1.85946157095043e-17,  2.66602839349980e-17,
 3.80651010940773e-21, -5.69485062534567e-20,  7.38009400155707e-20, -1.43774003697069e-19,  3.63195030731945e-19, -7.60490262532302e-19,  1.57528595129865e-18, -2.67210342554254e-18,  4.20118177234938e-18, -5.10691271946497e-18,  4.90208698463353e-18, -1.22880617209297e-18, -4.81743337684802e-18,  1.33982323812071e-17, -1.72475795119860e-17,  1.46001287413826e-17,  7.27774410818369e-19, -1.77625905372699e-17,  3.10744944110530e-17,
 3.39844574720539e-21, -1.75603712017738e-20,  2.65692196261094e-20, -3.91195767096600e-20,  1.95688704888952e-20,  1.33248859360991e-19, -5.46888946627546e-19,  1.53458882015876e-18, -3.22778228788058e-18,  5.69362161271978e-18, -7.60433917891170e-18,  7.68182647526446e-18, -2.91681126335507e-18, -6.14110267097147e-18,  1.84557426961213e-17, -2.47245060279795e-17,  2.06891405133919e-17,  1.14122350723898e-19, -2.38125107060844e-17,  4.02400880141805e-17,
-4.49080392739620e-21,  3.67993101406515e-20, -5.94551555478120e-20,  1.12546032828692e-19, -1.95703378501043e-19,  2.91720250850557e-19, -2.83125498344637e-19, -5.42615731595596e-20,  1.07506160396009e-18, -3.11094394361229e-18,  5.92122976098865e-18, -8.29701206547559e-18,  8.15091576453701e-18, -2.70541775401300e-18, -7.95280860781685e-18,  2.12077830046782e-17, -2.72342546783566e-17,  2.04486928501235e-17,  3.93870337085379e-18, -2.95621035757702e-17,  4.39108698008900e-17,
 8.81335347630000e-21, -3.02792562164288e-20,  2.36125102699442e-20, -5.55410304346073e-20,  1.10344849136386e-19, -2.57226643857971e-19,  4.32383905252833e-19, -6.72367052400766e-19,  6.89695830360400e-19, -3.04789434138935e-19, -1.14144887488621e-18,  3.59813234995187e-18, -6.62490931291309e-18,  7.96448567527522e-18, -4.78557499172363e-18, -4.32361827289340e-18,  1.74620714516161e-17, -2.52779605885321e-17,  2.09812900736944e-17,  1.76433468587526e-18, -2.72507382597386e-17,  4.25638591971467e-17,
 1.48073190039182e-20, -4.83521604228327e-20,  5.63332825583173e-20, -1.20643627278975e-19,  1.59106832150843e-19, -2.44133580841075e-19,  1.57980590299361e-19,  6.20984284670146e-20, -8.37952333070900e-19,  1.85889198328178e-18, -2.96614777577722e-18,  2.43053324179122e-18,  1.99017656768499e-19, -5.85662426603090e-18,  1.10362873185165e-17, -1.17141113181106e-17,  2.86342901758274e-18,  1.40369728221972e-17, -2.85259608876316e-17,  2.87421529888180e-17, -4.82698566232887e-18, -2.69037507388856e-17,  4.83467396735804e-17,
-4.42213267798941e-21,  7.16780150698059e-20, -1.14156568002519e-19,  2.08586739129208e-19, -4.18201405253787e-19,  6.70628632738729e-19, -1.02925017918697e-18,  1.05000966780676e-18, -6.77238673275375e-19, -9.96125542131492e-19,  3.02841394834803e-18, -5.56394537653055e-18,  5.13208236958229e-18, -1.62689834332310e-18, -7.29926446641461e-18,  1.51667678183992e-17, -1.75862750991011e-17,  5.82359158008156e-18,  1.59439017088283e-17, -3.52325654898724e-17,  3.50756216785145e-17, -4.95729402870341e-18, -3.28136534468807e-17,  5.63416836217937e-17,
 1.64444481565300e-20, -5.93056476843924e-20,  6.03047677874131e-20, -1.38181532342346e-19,  2.49256020880720e-19, -5.45228282027509e-19,  8.49002511121309e-19, -1.32262144383829e-18,  1.41245267769775e-18, -1.15417902062006e-18, -4.84538844247907e-19,  2.56895973027729e-18, -5.53792367559993e-18,  5.71485054406826e-18, -2.94273122762601e-18, -5.82509679201298e-18,  1.41651660052796e-17, -1.77424800578325e-17,  6.90775934102801e-18,  1.45154932290551e-17, -3.43363906871451e-17,  3.45276176982133e-17, -5.04207289763478e-18, -3.28941488603544e-17,  5.49854996904833e-17,
 7.71945678050022e-21, -9.77439724194510e-21,  1.27719684633844e-20, -3.56612755841354e-20, -2.27409221856454e-21,  3.80718988405956e-20, -2.67591363333764e-19,  5.83562376711225e-19, -1.34082941566464e-18,  2.07142596644336e-18, -2.89656482906525e-18,  1.93843128290992e-18,  2.37678009812092e-19, -5.19805334241240e-18,  8.29863043980861e-18, -8.56619513349746e-18, -2.27157424337319e-19,  1.17732551923539e-17, -2.13309021179366e-17,  1.42339193185411e-17,  8.23546909019396e-18, -3.42798359013544e-17,  4.04739745154163e-17, -1.13409554361700e-17, -3.23068549775371e-17,  6.08249186078779e-17,
-4.72125953806479e-21,  6.58065147301273e-20, -9.99711078140471e-20,  1.75634807090242e-19, -3.51003848202184e-19,  5.56980456425985e-19, -8.46267970089745e-19,  8.37464573944916e-19, -4.95263754747241e-19, -9.97947221580614e-19,  2.75041172528512e-18, -5.00133584952345e-18,  4.48431375265814e-18, -1.63089059348888e-18, -6.20371675629001e-18,  1.20257115701622e-17, -1.40461819768034e-17,  2.57545083238438e-18,  1.37765667661671e-17, -2.83315917182525e-17,  2.09012122200967e-17,  7.73735168751384e-18, -4.03722379453508e-17,  4.91094672309292e-17, -1.18656165514846e-17, -3.82278802660275e-17,  6.98480085222205e-17,
 6.52673771164157e-21, -4.13899552692829e-20,  5.61354085532509e-20, -1.12346997603842e-19,  2.30468381611276e-19, -4.71739930531115e-19,  7.88145531768608e-19, -1.15719519355000e-18,  1.32599752492824e-18, -9.92520037935621e-19, -3.60395328324501e-19,  2.38823597699711e-18, -4.83444280620125e-18,  5.15317663909162e-18, -2.62497661542673e-18, -4.65792174448712e-18,  1.11470465371180e-17, -1.37572844263367e-17,  3.44159438313870e-18,  1.23521431031470e-17, -2.71797294346443e-17,  1.97649838373897e-17,  6.82988536220372e-18, -3.97633612948220e-17,  4.61088127029769e-17, -1.23358807953853e-17, -3.67773092976492e-17,  6.36762140305435e-17,
-1.82195301546189e-21,  2.01781571190838e-21,  1.38537133683797e-20, -1.91548505229742e-20,  6.85641354153932e-21,  6.07008125888117e-20, -2.23234211375269e-19,  5.85668043087510e-19, -1.19005885768066e-18,  2.01342966177381e-18, -2.59605569192825e-18,  2.04025192025498e-18,  1.89602051541033e-19, -4.28030778690445e-18,  7.66237947110814e-18, -7.98012006500682e-18,  1.23982607329250e-18,  8.44420850181022e-18, -1.69451479259489e-17,  1.11327701229381e-17,  5.11333124282457e-18, -2.64697536994347e-17,  2.63086268344979e-17, -1.70405776228632e-18, -3.73082877190973e-17,  5.27010065291169e-17, -2.16438507765598e-17, -3.33129852131880e-17,  7.05682062011942e-17,
-1.11179462577414e-20,  6.20286134751161e-20, -8.07670055741860e-20,  1.53766903846523e-19, -2.69536960170194e-19,  4.63335109455929e-19, -6.31505570619960e-19,  6.45797718483423e-19, -1.95211811222404e-19, -1.01462912275650e-18,  2.80597913215459e-18, -4.45063648287413e-18,  4.28395523051215e-18, -1.12159951700050e-18, -5.41877483285317e-18,  1.14228590615971e-17, -1.28550474983600e-17,  3.69175937234332e-18,  1.07001730320733e-17, -2.33888652282398e-17,  1.70080992664082e-17,  5.27588232034435e-18, -3.26320596261865e-17,  3.42775041777274e-17, -1.57913139165628e-18, -4.34177037798063e-17,  6.11869996966096e-17, -1.88645532265113e-17, -4.32538331244244e-17,  7.88278567360264e-17,
-2.38148196987914e-21, -3.14093325792740e-20,  5.62268883062724e-20, -9.06672557163885e-20,  2.27711151376182e-19, -4.03030051280988e-19,  7.33847720994988e-19, -9.55377290208773e-19,  1.16927777801343e-18, -6.20948508365096e-19, -3.80971026730541e-19,  2.56880613363011e-18, -4.15914759062856e-18,  4.85374861696865e-18, -1.59067231820151e-18, -4.10342624930539e-18,  1.08428811248164e-17, -1.20606215122241e-17,  4.09795838305458e-18,  9.85009360725268e-18, -2.20906242788590e-17,  1.51927107801976e-17,  4.71716714217355e-18, -3.22923397382671e-17,  3.03008893716047e-17, -2.14622537357284e-18, -4.19651988163729e-17,  5.37748138789191e-17, -1.47679763931731e-17, -3.96942348844813e-17,  7.00216309521279e-17,
-5.47210974348294e-21, -3.53562183979018e-21,  2.51714768169644e-20, -2.91517565417461e-20,  5.76770683800494e-20, -6.67810934991193e-21, -3.66153963612908e-20,  3.49263850548388e-19, -7.36672490215985e-19,  1.57296365258252e-18, -1.91183016297396e-18,  1.88431044249963e-18,  2.23726374640787e-19, -3.00069297891077e-18,  6.56981991173583e-18, -6.22628239512311e-18,  1.88654147658024e-18,  7.38955208643876e-18, -1.40276287398209e-17,  1.15520520955132e-17,  1.78902039100272e-18, -1.96290661341322e-17,  2.13278241263489e-17, -5.29224238902193e-18, -2.71150862907737e-17,  3.62762608718884e-17, -1.43931396649858e-17, -3.38442647036112e-17,  5.92707883207229e-17, -2.92185435409079e-17, -2.85912829274146e-17,  7.22112617176677e-17,
-8.18354304077223e-21,  4.03757709275929e-20, -5.35122644392753e-20,  1.02466059828606e-19, -1.71810089653681e-19,  3.05273264785649e-19, -3.77397555134581e-19,  3.71584412080085e-19,  4.73640247742269e-20, -9.37711032868214e-19,  2.40966051116502e-18, -3.44701479471466e-18,  3.40831599642103e-18, -5.02175450859074e-19, -4.26897866487324e-18,  9.52301913240736e-18, -9.83596563884089e-18,  3.42972522934685e-18,  9.14651417250401e-18, -1.82364681906748e-17,  1.50143272538674e-17,  3.18791415449114e-18, -2.37895302684162e-17,  2.63738009110299e-17, -2.70377024767847e-18, -3.15246526244905e-17,  4.12168720940120e-17, -8.37402038985584e-18, -4.32386271980247e-17,  6.39442997222370e-17, -2.35332641323157e-17, -4.26097131534491e-17,  7.23732366613637e-17,
-2.46212638780709e-21, -2.35220540752340e-20,  4.09406243238770e-20, -5.75977817707219e-20,  1.53321896246104e-19, -2.61825895868092e-19,  4.77841665356199e-19, -5.68220642497998e-19,  6.79371928845529e-19, -1.66109004201161e-19, -5.46933854865084e-19,  2.22774773340769e-18, -3.10426289455764e-18,  3.58337977557779e-18, -5.78383509634564e-19, -3.36911597682654e-18,  8.90662385340647e-18, -8.75050626748316e-18,  3.47932023821341e-18,  8.29041146428641e-18, -1.62790205286743e-17,  1.26167441036307e-17,  2.90039098917583e-18, -2.26454544861238e-17,  2.15949100435891e-17, -3.13516096494877e-18, -2.92208989275719e-17,  3.24771587277764e-17, -4.24569537383147e-18, -3.91630682517862e-17,  5.40635667337522e-17, -1.20113202054988e-17, -3.73161746692165e-17,  6.36084404121521e-17,
 2.82818123512317e-22, -1.79088184347839e-20,  3.03807871916786e-20, -4.75774970970488e-20,  8.78552657631185e-20, -1.04126242673642e-19,  1.28263823063209e-19, -7.93678299478629e-21, -1.96271221593870e-19,  7.23861411589048e-19, -9.81082431883539e-19,  1.06046780715295e-18,  2.36919214843356e-19, -1.89231940544176e-18,  4.27791608770022e-18, -3.76562042122166e-18,  1.11466363501751e-18,  5.73039998758281e-18, -9.55381216052461e-18,  8.82437474920298e-18,  1.81778050760785e-18, -1.32773394271140e-17,  1.67781633062936e-17, -4.85808371749838e-18, -1.72853204557812e-17,  2.55307429316518e-17, -1.32729658443500e-17, -2.09953414772636e-17,  3.52149203396246e-17, -1.70791520715979e-17, -2.72544541616791e-17,  5.21117595438470e-17, -2.26032615182081e-17, -2.59223414565629e-17,  5.87849451090657e-17,
 9.26763682148414e-22,  1.92271003713164e-20, -3.90979247328420e-20,  5.79042260870461e-20, -1.19749180987275e-19,  1.91822152280543e-19, -2.79529498830923e-19,  2.43958386469401e-19, -8.14504617970937e-20, -5.18219611343617e-19,  1.25935121831475e-18, -1.99756517631379e-18,  1.72183996755439e-18, -1.53688950537377e-19, -2.94662741764506e-18,  5.70667284266360e-18, -5.76198630997799e-18,  1.51216267612643e-18,  6.41447241611655e-18, -1.10472292747610e-17,  9.47749420834255e-18,  3.86175947443268e-18, -1.43774326012790e-17,  1.81697823650137e-17, -6.64220567151794e-20, -1.85527451386394e-17,  2.61760769785929e-17, -4.86151120113552e-18, -2.74645300539891e-17,  3.47977404660253e-17, -1.12385145915554e-17, -3.66673910548698e-17,  4.46090343943823e-17, -1.68680418421147e-17, -3.07395773986390e-17,  4.28028837871845e-17,
-5.70761445618032e-22, -7.81909803375610e-21,  1.15549662108706e-20, -1.03297073014397e-20,  3.27427111849450e-20, -6.33462042115557e-20,  9.96475678571648e-20, -1.05302316393856e-19,  9.08378596871096e-20,  1.07332609654850e-19, -4.11448658486809e-19,  9.47248629762540e-19, -1.19432157945607e-18,  1.09657372264740e-18,  2.66380727505601e-19, -2.03385888196508e-18,  4.18813550300363e-18, -3.78496492623251e-18,  1.42258690670193e-18,  3.96507133985164e-18, -6.70430979128275e-18,  5.56257131095099e-18,  2.13972444207099e-18, -9.58780639424226e-18,  1.01299669028444e-17, -1.62266192007381e-18, -1.14533504897503e-17,  1.23077149101383e-17, -1.33744282997043e-18, -1.79428243115257e-17,  2.03164713495907e-17, -2.09122824430488e-18, -2.23204619810214e-17,  3.13628677711574e-17, -9.89849463968363e-18, -1.20717030924686e-17,  2.14624590850377e-17,
 3.87439415570112e-21, -1.73665372068368e-20,  2.05727631847314e-20, -4.04841240544106e-20,  6.55087423164809e-20, -1.16614898350700e-19,  1.56162740845175e-19, -1.85713453627603e-19,  1.25822445333018e-19,  2.29864129378428e-20, -2.23482188537437e-19,  2.79931239901416e-19, -4.94046715639736e-20, -5.22245172347316e-19,  1.11806378573618e-18, -9.67403775319310e-19, -2.12944119735407e-19,  2.63279906432485e-18, -3.90048192494698e-18,  3.43845220101950e-18,  1.23627400835048e-18, -5.16890131237807e-18,  7.09243823495599e-18, -9.02215866132437e-19, -7.06767726459864e-18,  1.17277315392620e-17, -5.88078900028486e-18, -7.45928842741201e-18,  1.28782602264356e-17, -6.79609434522623e-18, -1.24235579099412e-17,  1.80963784874930e-17, -5.74273498912125e-18, -1.80024416943445e-17,  2.88803427285683e-17, -1.08954795894918e-17, -9.86329448422618e-18,  2.09574368265514e-17,
 2.59660537580519e-21,  1.30344358176308e-20, -2.82116695001191e-20,  3.54873696092545e-20, -8.91549350046462e-20,  1.43500234202454e-19, -2.38916338364729e-19,  2.62088684722806e-19, -2.91983661439784e-19,  2.45446745740249e-20,  2.07946316974781e-19, -7.08851691016666e-19,  6.12382173792082e-19, -4.11057852914444e-19, -8.26906983179818e-19,  1.45881610678012e-18, -1.76641050809429e-18, -6.21210114216425e-20,  2.56732771418692e-18, -4.14446724006542e-18,  3.36060164583755e-18,  2.11734202694909e-18, -5.04886654539083e-18,  7.19726828225225e-18,  1.71315098319096e-18, -7.04154721076797e-18,  1.16602751891253e-17, -1.78193781738514e-18, -9.67638528045737e-18,  1.19969546560498e-17, -4.73470142845109e-18, -1.53648547670169e-17,  1.24608828462477e-17, -3.17191696427963e-18, -1.90527560027111e-17,  1.93579682429052e-17, -1.02312517654349e-18, -9.88275546989352e-18,  1.61149539054209e-17,
