GM 7.046e+01 2.318e-09 -2.452e-11 -1.185e-10 2.298e-10 -3.157e-10 -4.629e-11 -1.584e-10 -2.058e-11 2.678e-11 -4.552e-11 7.314e-11 -1.096e-10 2.100e-10 -2.722e-10 5.026e-10 -6.130e-10 1.049e-09 -1.235e-09 1.956e-09 -2.212e-09 3.217e-09 -3.409e-09 4.479e-09 -4.301e-09 5.022e-09 -4.203e-09 4.295e-09 -2.974e-09 2.602e-09 -1.353e-09 9.777e-10 -2.961e-10 1.655e-10 -1.184e-05 -4.585e-03 1.981e-03 -1.043e-02 -5.085e-02 1.198e-07 -8.293e-08 -1.311e-15 2.222e-15
J[2] 2.318e-09 5.703e-19 -1.610e-20 2.804e-20 -3.162e-21 -1.512e-21 -4.222e-19 2.918e-19 -3.743e-19 4.109e-19 -5.579e-19 6.234e-19 -8.617e-19 9.329e-19 -1.260e-18 1.212e-18 -1.580e-18 1.173e-18 -1.389e-18 2.530e-19 -8.822e-20 -1.976e-18 2.395e-18 -4.957e-18 4.998e-18 -7.095e-18 6.070e-18 -6.911e-18 4.853e-18 -4.562e-18 2.412e-18 -1.840e-18 5.738e-19 -3.322e-19 -8.305e-13 -1.161e-12 1.957e-12 1.865e-11 -9.049e-12 1.739e-17 -2.104e-17 2.930e-25 4.211e-25
C[2][1] -2.452e-11 -1.610e-20 3.113e-18 1.454e-18 -2.357e-19 -8.378e-19 2.341e-19 8.255e-20 -4.055e-20 2.349e-19 -2.499e-19 6.261e-19 -8.250e-19 1.546e-18 -2.122e-18 3.514e-18 -4.808e-18 7.198e-18 -9.414e-18 1.283e-17 -1.566e-17 1.941e-17 -2.170e-17 2.433e-17 -2.441e-17 2.442e-17 -2.137e-17 1.869e-17 -1.366e-17 1.011e-17 -5.680e-18 3.392e-18 -1.181e-18 5.211e-19 9.900e-12 2.307e-11 -3.181e-11 7.800e-11 3.967e-11 -6.621e-16 6.599e-16 2.180e-23 -1.562e-23
S[2][1] -1.185e-10 2.804e-20 1.454e-18 1.343e-18 -1.165e-19 -1.373e-19 7.880e-20 2.869e-20 -4.053e-20 1.170e-19 -1.619e-19 3.446e-19 -5.268e-19 9.272e-19 -1.394e-18 2.248e-18 -3.293e-18 4.923e-18 -6.810e-18 9.367e-18 -1.196e-17 1.495e-17 -1.732e-17 1.948e-17 -2.009e-17 2.002e-17 -1.792e-17 1.546e-17 -1.152e-17 8.271e-18 -4.728e-18 2.651e-18 -9.384e-19 3.665e-19 4.744e-12 1.834e-11 1.336e-12 5.506e-11 3.073e-11 -4.471e-16 4.195e-16 1.041e-23 -8.683e-24
C[2][2] 2.298e-10 -3.162e-21 -2.357e-19 -1.165e-19 2.653e-18 -1.128e-19 -1.596e-19 1.850e-19 -3.094e-19 4.947e-19 -7.421e-19 1.162e-18 -1.738e-18 2.657e-18 -3.905e-18 5.654e-18 -8.016e-18 1.102e-17 -1.491e-17 1.932e-17 -2.452e-17 2.950e-17 -3.440e-17 3.764e-17 -3.941e-17 3.823e-17 -3.489e-17 2.901e-17 -2.212e-17 1.493e-17 -8.775e-18 4.315e-18 -1.584e-18 4.198e-19 1.961e-12 -7.424e-12 4.694e-11 -2.314e-11 -2.722e-10 2.208e-16 -2.329e-16 1.926e-24 3.384e-24
S[2][2] -3.157e-10 -1.512e-21 -8.378e-19 -1.373e-19 -1.128e-19 2.479e-18 -3.673e-19 -4.627e-20 -5.966e-20 -1.299e-19 5.075e-20 -2.471e-19 2.293e-19 -4.851e-19 5.700e-19 -8.193e-19 1.083e-18 -1.193e-18 1.710e-18 -1.525e-18 2.319e-18 -1.623e-18 2.600e-18 -1.217e-18 2.136e-18 -9.919e-20 8.293e-19 1.246e-18 -4.646e-19 1.775e-18 -7.920e-19 1.149e-18 -3.222e-19 2.894e-19 -7.287e-12 2.995e-11 6.345e-11 -1.759e-11 1.151e-10 8.068e-17 -1.745e-16 -8.587e-25 2.673e-24
J[3] -4.629e-11 -4.222e-19 2.341e-19 7.880e-20 -1.596e-19 -3.673e-19 1.541e-18 -5.734e-19 1.156e-18 -1.152e-18 1.814e-18 -2.355e-18 3.183e-18 -4.705e-18 5.763e-18 -8.974e-18 1.017e-17 -1.592e-17 1.688e-17 -2.588e-17 2.576e-17 -3.803e-17 3.539e-17 -4.946e-17 4.242e-17 -5.493e-17 4.208e-17 -4.918e-17 3.183e-17 -3.256e-17 1.605e-17 -1.381e-17 3.979e-18 -2.711e-18 8.896e-14 -4.261e-12 -4.494e-12 6.559e-12 -2.597e-11 -5.708e-17 1.291e-16 -7.900e-25 -6.977e-25
J[4] -1.584e-10 2.918e-19 8.255e-20 2.869e-20 1.850e-19 -4.627e-20 -5.734e-19 6.411e-19 -7.783e-19 1.182e-18 -1.416e-18 2.131e-18 -2.469e-18 3.625e-18 -3.984e-18 5.603e-18 -5.577e-18 7.478e-18 -6.385e-18 8.284e-18 -5.491e-18 7.265e-18 -2.729e-18 4.742e-18 5.340e-19 2.402e-18 2.122e-18 1.703e-18 1.394e-18 1.981e-18 1.091e-19 1.560e-18 -1.897e-19 5.051e-19 1.302e-12 -1.941e-12 5.670e-12 -2.615e-12 3.284e-11 -5.085e-18 -1.732e-17 5.587e-25 -2.252e-25
J[5] -2.058e-11 -3.743e-19 -4.055e-20 -4.053e-20 -3.094e-19 -5.966e-20 1.156e-18 -7.783e-19 1.614e-18 -1.956e-18 3.270e-18 -4.267e-18 6.421e-18 -8.559e-18 1.199e-17 -1.575e-17 2.072e-17 -2.642e-17 3.275e-17 -4.009e-17 4.647e-17 -5.380e-17 5.740e-17 -6.174e-17 5.933e-17 -5.818e-17 4.893e-17 -4.283e-17 3.013e-17 -2.285e-17 1.230e-17 -7.696e-18 2.491e-18 -1.176e-18 -7.970e-13 -1.947e-13 -8.291e-12 -1.705e-12 -5.150e-13 -6.331e-18 5.154e-17 -1.507e-24 3.258e-25
J[6] 2.678e-11 4.109e-19 2.349e-19 1.170e-19 4.947e-19 -1.299e-19 -1.152e-18 1.182e-18 -1.956e-18 3.418e-18 -4.950e-18 8.233e-18 -1.134e-17 1.798e-17 -2.386e-17 3.611e-17 -4.618e-17 6.662e-17 -8.158e-17 1.112e-16 -1.285e-16 1.631e-16 -1.744e-16 2.031e-16 -1.960e-16 2.057e-16 -1.737e-16 1.608e-16 -1.133e-16 8.967e-17 -4.805e-17 3.096e-17 -9.898e-18 4.735e-18 2.087e-12 -3.740e-12 1.240e-11 -1.229e-12 1.698e-12 -1.816e-17 -3.311e-17 1.948e-24 -9.747e-25
J[7] -4.552e-11 -5.579e-19 -2.499e-19 -1.619e-19 -7.421e-19 5.075e-20 1.814e-18 -1.416e-18 3.270e-18 -4.950e-18 9.162e-18 -1.392e-17 2.286e-17 -3.384e-17 5.170e-17 -7.392e-17 1.064e-16 -1.456e-16 1.970e-16 -2.544e-16 3.196e-16 -3.830e-16 4.400e-16 -4.802e-16 4.944e-16 -4.805e-16 4.313e-16 -3.622e-16 2.717e-16 -1.881e-16 1.087e-16 -5.693e-17 2.040e-17 -6.597e-18 -2.757e-12 2.890e-12 -2.067e-11 2.925e-12 2.093e-12 5.731e-18 8.308e-17 -3.203e-24 7.528e-25
J[8] 7.314e-11 6.234e-19 6.261e-19 3.446e-19 1.162e-18 -2.471e-19 -2.355e-18 2.131e-18 -4.267e-18 8.233e-18 -1.392e-17 2.529e-17 -3.929e-17 6.622e-17 -9.756e-17 1.539e-16 -2.158e-16 3.185e-16 -4.216e-16 5.786e-16 -7.132e-16 9.003e-16 -1.017e-15 1.164e-15 -1.179e-15 1.204e-15 -1.063e-15 9.435e-16 -6.941e-16 5.155e-16 -2.898e-16 1.686e-16 -5.752e-17 2.284e-17 4.252e-12 -7.733e-12 3.657e-11 -4.784e-12 -1.090e-11 -6.506e-17 -6.911e-17 5.140e-24 -2.640e-24
J[9] -1.096e-10 -8.617e-19 -8.250e-19 -5.268e-19 -1.738e-18 2.293e-19 3.183e-18 -2.469e-18 6.421e-18 -1.134e-17 2.286e-17 -3.929e-17 6.932e-17 -1.124e-16 1.819e-16 -2.781e-16 4.178e-16 -5.994e-16 8.358e-16 -1.116e-15 1.432e-15 -1.757e-15 2.052e-15 -2.279e-15 2.376e-15 -2.341e-15 2.124e-15 -1.802e-15 1.364e-15 -9.519e-16 5.546e-16 -2.918e-16 1.054e-16 -3.397e-17 -6.960e-12 7.915e-12 -5.503e-11 8.274e-12 3.780e-12 6.069e-17 1.453e-16 -7.583e-24 2.155e-24
J[10] 2.100e-10 9.329e-19 1.546e-18 9.272e-19 2.657e-18 -4.851e-19 -4.705e-18 3.625e-18 -8.559e-18 1.798e-17 -3.384e-17 6.622e-17 -1.124e-16 2.001e-16 -3.161e-16 5.162e-16 -7.625e-16 1.149e-15 -1.580e-15 2.191e-15 -2.782e-15 3.526e-15 -4.075e-15 4.664e-15 -4.818e-15 4.894e-15 -4.398e-15 3.864e-15 -2.891e-15 2.109e-15 -1.208e-15 6.802e-16 -2.379e-16 8.812e-17 8.880e-12 -1.830e-11 1.014e-10 -1.783e-11 -3.602e-11 -1.779e-16 -1.570e-16 1.216e-23 -6.092e-24
J[11] -2.722e-10 -1.260e-18 -2.122e-18 -1.394e-18 -3.905e-18 5.700e-19 5.763e-18 -3.984e-18 1.199e-17 -2.386e-17 5.170e-17 -9.756e-17 1.819e-16 -3.161e-16 5.330e-16 -8.553e-16 1.324e-15 -1.965e-15 2.798e-15 -3.827e-15 4.990e-15 -6.235e-15 7.365e-15 -8.300e-15 8.736e-15 -8.711e-15 7.963e-15 -6.830e-15 5.202e-15 -3.666e-15 2.145e-15 -1.141e-15 4.131e-16 -1.353e-16 -1.480e-11 2.188e-11 -1.464e-10 2.133e-11 2.304e-11 1.952e-16 2.900e-16 -1.699e-23 5.162e-24
J[12] 5.026e-10 1.212e-18 3.514e-18 2.248e-18 5.654e-18 -8.193e-19 -8.974e-18 5.603e-18 -1.575e-17 3.611e-17 -7.392e-17 1.539e-16 -2.781e-16 5.162e-16 -8.553e-16 1.438e-15 -2.203e-15 3.386e-15 -4.788e-15 6.734e-15 -8.734e-15 1.118e-14 -1.314e-14 1.514e-14 -1.586e-14 1.616e-14 -1.471e-14 1.292e-14 -9.778e-15 7.104e-15 -4.115e-15 2.292e-15 -8.129e-16 2.922e-16 1.745e-11 -3.810e-11 2.505e-10 -3.874e-11 -8.005e-11 -4.420e-16 -3.399e-16 2.662e-23 -1.311e-23
J[13] -6.130e-10 -1.580e-18 -4.808e-18 -3.293e-18 -8.016e-18 1.083e-18 1.017e-17 -5.577e-18 2.072e-17 -4.618e-17 1.064e-16 -2.158e-16 4.178e-16 -7.625e-16 1.324e-15 -2.203e-15 3.490e-15 -5.326e-15 7.729e-15 -1.080e-14 1.430e-14 -1.819e-14 2.175e-14 -2.487e-14 2.643e-14 -2.668e-14 2.459e-14 -2.132e-14 1.634e-14 -1.164e-14 6.844e-15 -3.681e-15 1.336e-15 -4.446e-16 -2.800e-11 5.011e-11 -3.534e-10 4.628e-11 5.606e-11 5.216e-16 5.534e-16 -3.555e-23 1.174e-23
J[14] 1.049e-09 1.173e-18 7.198e-18 4.923e-18 1.102e-17 -1.193e-18 -1.592e-17 7.478e-18 -2.642e-17 6.662e-17 -1.456e-16 3.185e-16 -5.994e-16 1.149e-15 -1.965e-15 3.386e-15 -5.326e-15 8.354e-15 -1.208e-14 1.727e-14 -2.283e-14 2.960e-14 -3.535e-14 4.114e-14 -4.369e-14 4.487e-14 -4.128e-14 3.647e-14 -2.787e-14 2.030e-14 -1.187e-14 6.601e-15 -2.364e-15 8.411e-16 3.058e-11 -7.824e-11 5.616e-10 -8.277e-11 -1.529e-10 -9.648e-16 -7.011e-16 5.254e-23 -2.539e-23
J[15] -1.235e-09 -1.389e-18 -9.414e-18 -6.810e-18 -1.491e-17 1.710e-18 1.688e-17 -6.385e-18 3.275e-17 -8.158e-17 1.970e-16 -4.216e-16 8.358e-16 -1.580e-15 2.798e-15 -4.788e-15 7.729e-15 -1.208e-14 1.784e-14 -2.545e-14 3.421e-14 -4.428e-14 5.366e-14 -6.228e-14 6.695e-14 -6.846e-14 6.369e-14 -5.586e-14 4.314e-14 -3.105e-14 1.837e-14 -9.990e-15 3.640e-15 -1.230e-15 -4.669e-11 1.089e-10 -7.592e-10 1.186e-10 1.311e-10 1.125e-15 1.042e-15 -6.665e-23 2.276e-23
J[16] 1.956e-09 2.530e-19 1.283e-17 9.367e-18 1.932e-17 -1.525e-18 -2.588e-17 8.284e-18 -4.009e-17 1.112e-16 -2.544e-16 5.786e-16 -1.116e-15 2.191e-15 -3.827e-15 6.734e-15 -1.080e-14 1.727e-14 -2.545e-14 3.702e-14 -4.977e-14 6.553e-14 -7.948e-14 9.372e-14 -1.008e-13 1.047e-13 -9.742e-14 8.683e-14 -6.700e-14 4.915e-14 -2.898e-14 1.619e-14 -5.845e-15 2.081e-15 4.648e-11 -1.592e-10 1.107e-09 -1.996e-10 -3.186e-10 -1.788e-15 -1.370e-15 9.192e-23 -4.308e-23
J[17] -2.212e-09 -8.822e-20 -1.566e-17 -1.196e-17 -2.452e-17 2.319e-18 2.576e-17 -5.491e-18 4.647e-17 -1.285e-16 3.196e-16 -7.132e-16 1.432e-15 -2.782e-15 4.990e-15 -8.734e-15 1.430e-14 -2.283e-14 3.421e-14 -4.977e-14 6.791e-14 -8.947e-14 1.099e-13 -1.296e-13 1.410e-13 -1.462e-13 1.374e-13 -1.221e-13 9.511e-14 -6.926e-14 4.126e-14 -2.272e-14 8.316e-15 -2.856e-15 -6.708e-11 2.160e-10 -1.393e-09 2.894e-10 3.349e-10 1.979e-15 1.869e-15 -1.094e-22 3.717e-23
J[18] 3.217e-09 -1.976e-18 1.941e-17 1.495e-17 2.950e-17 -1.623e-18 -3.803e-17 7.265e-18 -5.380e-17 1.631e-16 -3.830e-16 9.003e-16 -1.757e-15 3.526e-15 -6.235e-15 1.118e-14 -1.819e-14 2.960e-14 -4.428e-14 6.553e-14 -8.947e-14 1.197e-13 -1.473e-13 1.763e-13 -1.921e-13 2.022e-13 -1.903e-13 1.716e-13 -1.337e-13 9.910e-14 -5.893e-14 3.323e-14 -1.208e-14 4.340e-15 5.884e-11 -2.901e-10 1.843e-09 -4.215e-10 -6.644e-10 -2.787e-15 -2.392e-15 1.395e-22 -6.346e-23
J[19] -3.409e-09 2.395e-18 -2.170e-17 -1.732e-17 -3.440e-17 2.600e-18 3.539e-17 -2.729e-18 5.740e-17 -1.744e-16 4.400e-16 -1.017e-15 2.052e-15 -4.075e-15 7.365e-15 -1.314e-14 2.175e-14 -3.535e-14 5.366e-14 -7.948e-14 1.099e-13 -1.473e-13 1.834e-13 -2.198e-13 2.421e-13 -2.548e-13 2.422e-13 -2.181e-13 1.716e-13 -1.266e-13 7.604e-14 -4.244e-14 1.563e-14 -5.466e-15 -7.995e-11 3.623e-10 -2.104e-09 5.441e-10 7.261e-10 2.849e-15 2.968e-15 -1.527e-22 5.098e-23
J[20] 4.479e-09 -4.957e-18 2.433e-17 1.948e-17 3.764e-17 -1.217e-18 -4.946e-17 4.742e-18 -6.174e-17 2.031e-16 -4.802e-16 1.164e-15 -2.279e-15 4.664e-15 -8.300e-15 1.514e-14 -2.487e-14 4.114e-14 -6.228e-14 9.372e-14 -1.296e-13 1.763e-13 -2.198e-13 2.671e-13 -2.949e-13 3.149e-13 -2.998e-13 2.741e-13 -2.158e-13 1.621e-13 -9.722e-14 5.554e-14 -2.033e-14 7.420e-15 5.834e-11 -4.368e-10 2.493e-09 -6.716e-10 -1.163e-09 -3.606e-15 -3.515e-15 1.784e-22 -8.012e-23
J[21] -4.301e-09 4.998e-18 -2.441e-17 -2.009e-17 -3.941e-17 2.136e-18 4.242e-17 5.340e-19 5.933e-17 -1.960e-16 4.944e-16 -1.179e-15 2.376e-15 -4.818e-15 8.736e-15 -1.586e-14 2.643e-14 -4.369e-14 6.695e-14 -1.008e-13 1.410e-13 -1.921e-13 2.421e-13 -2.949e-13 3.287e-13 -3.516e-13 3.379e-13 -3.090e-13 2.456e-13 -1.840e-13 1.115e-13 -6.322e-14 2.342e-14 -8.372e-15 -7.544e-11 4.826e-10 -2.521e-09 7.438e-10 1.180e-09 3.310e-15 3.898e-15 -1.753e-22 5.823e-23
J[22] 5.022e-09 -7.095e-18 2.442e-17 2.002e-17 3.823e-17 -9.919e-20 -5.493e-17 2.402e-18 -5.818e-17 2.057e-16 -4.805e-16 1.204e-15 -2.341e-15 4.894e-15 -8.711e-15 1.616e-14 -2.668e-14 4.487e-14 -6.846e-14 1.047e-13 -1.462e-13 2.022e-13 -2.548e-13 3.149e-13 -3.516e-13 3.815e-13 -3.674e-13 3.413e-13 -2.715e-13 2.071e-13 -1.254e-13 7.288e-14 -2.686e-14 1.003e-14 4.020e-11 -5.064e-10 2.636e-09 -7.748e-10 -1.556e-09 -3.774e-15 -4.101e-15 1.844e-22 -8.541e-23
J[23] -4.203e-09 6.070e-18 -2.137e-17 -1.792e-17 -3.489e-17 8.293e-19 4.208e-17 2.122e-18 4.893e-17 -1.737e-16 4.313e-16 -1.063e-15 2.124e-15 -4.398e-15 7.963e-15 -1.471e-14 2.459e-14 -4.128e-14 6.369e-14 -9.742e-14 1.374e-13 -1.903e-13 2.422e-13 -2.998e-13 3.379e-13 -3.674e-13 3.571e-13 -3.320e-13 2.666e-13 -2.032e-13 1.242e-13 -7.181e-14 2.678e-14 -9.824e-15 -5.195e-11 4.782e-10 -2.295e-09 7.261e-10 1.378e-09 3.010e-15 3.944e-15 -1.574e-22 5.477e-23
J[24] 4.295e-09 -6.911e-18 1.869e-17 1.546e-17 2.901e-17 1.246e-18 -4.918e-17 1.703e-18 -4.283e-17 1.608e-16 -3.622e-16 9.435e-16 -1.802e-15 3.864e-15 -6.830e-15 1.292e-14 -2.132e-14 3.647e-14 -5.586e-14 8.683e-14 -1.221e-13 1.716e-13 -2.181e-13 2.741e-13 -3.090e-13 3.413e-13 -3.320e-13 3.140e-13 -2.523e-13 1.963e-13 -1.199e-13 7.122e-14 -2.641e-14 1.017e-14 1.223e-11 -4.234e-10 2.078e-09 -6.339e-10 -1.510e-09 -3.080e-15 -3.537e-15 1.461e-22 -7.517e-23
J[25] -2.974e-09 4.853e-18 -1.366e-17 -1.152e-17 -2.212e-17 -4.646e-19 3.183e-17 1.394e-18 3.013e-17 -1.133e-16 2.717e-16 -6.941e-16 1.364e-15 -2.891e-15 5.202e-15 -9.778e-15 1.634e-14 -2.787e-14 4.314e-14 -6.700e-14 9.511e-14 -1.337e-13 1.716e-13 -2.158e-13 2.456e-13 -2.715e-13 2.666e-13 -2.523e-13 2.048e-13 -1.591e-13 9.821e-14 -5.804e-14 2.181e-14 -8.254e-15 -2.194e-11 3.264e-10 -1.486e-09 4.863e-10 1.113e-09 2.033e-15 2.824e-15 -1.032e-22 4.086e-23
J[26] 2.602e-09 -4.562e-18 1.011e-17 8.271e-18 1.493e-17 1.775e-18 -3.256e-17 1.981e-18 -2.285e-17 8.967e-17 -1.881e-16 5.155e-16 -9.519e-16 2.109e-15 -3.666e-15 7.104e-15 -1.164e-14 2.030e-14 -3.105e-14 4.915e-14 -6.926e-14 9.910e-14 -1.266e-13 1.621e-13 -1.840e-13 2.071e-13 -2.032e-13 1.963e-13 -1.591e-13 1.267e-13 -7.799e-14 4.769e-14 -1.777e-14 7.141e-15 -7.808e-12 -2.297e-10 1.127e-09 -3.465e-10 -9.971e-10 -1.851e-15 -2.036e-15 8.233e-23 -5.156e-23
J[27] -1.353e-09 2.412e-18 -5.680e-18 -4.728e-18 -8.775e-18 -7.920e-19 1.605e-17 1.091e-19 1.230e-17 -4.805e-17 1.087e-16 -2.898e-16 5.546e-16 -1.208e-15 2.145e-15 -4.115e-15 6.844e-15 -1.187e-14 1.837e-14 -2.898e-14 4.126e-14 -5.893e-14 7.604e-14 -9.722e-14 1.115e-13 -1.254e-13 1.242e-13 -1.199e-13 9.821e-14 -7.799e-14 4.860e-14 -2.950e-14 1.116e-14 -4.393e-15 -2.997e-12 1.311e-10 -6.014e-10 2.013e-10 5.594e-10 9.201e-16 1.246e-15 -4.392e-23 2.168e-23
J[28] 9.777e-10 -1.840e-18 3.392e-18 2.651e-18 4.315e-18 1.149e-18 -1.381e-17 1.560e-18 -7.696e-18 3.096e-17 -5.693e-17 1.686e-16 -2.918e-16 6.802e-16 -1.141e-15 2.292e-15 -3.681e-15 6.601e-15 -9.990e-15 1.619e-14 -2.272e-14 3.323e-14 -4.244e-14 5.554e-14 -6.322e-14 7.288e-14 -7.181e-14 7.122e-14 -5.804e-14 4.769e-14 -2.950e-14 1.878e-14 -7.002e-15 2.998e-15 -9.902e-12 -6.360e-11 3.621e-10 -1.105e-10 -3.810e-10 -7.379e-16 -6.403e-16 2.918e-23 -2.426e-23
J[29] -2.961e-10 5.738e-19 -1.181e-18 -9.384e-19 -1.584e-18 -3.222e-19 3.979e-18 -1.897e-19 2.491e-18 -9.898e-18 2.040e-17 -5.752e-17 1.054e-16 -2.379e-16 4.131e-16 -8.129e-16 1.336e-15 -2.364e-15 3.640e-15 -5.845e-15 8.316e-15 -1.208e-14 1.563e-14 -2.033e-14 2.342e-14 -2.686e-14 2.678e-14 -2.641e-14 2.181e-14 -1.777e-14 1.116e-14 -7.002e-15 2.667e-15 -1.103e-15 8.996e-13 2.048e-11 -1.114e-10 3.953e-11 1.263e-10 2.171e-16 2.423e-16 -9.304e-24 6.129e-24
J[30] 1.655e-10 -3.322e-19 5.211e-19 3.665e-19 4.198e-19 2.894e-19 -2.711e-18 5.051e-19 -1.176e-18 4.735e-18 -6.597e-18 2.284e-17 -3.397e-17 8.812e-17 -1.353e-16 2.922e-16 -4.446e-16 8.411e-16 -1.230e-15 2.081e-15 -2.856e-15 4.340e-15 -5.466e-15 7.420e-15 -8.372e-15 1.003e-14 -9.824e-15 1.017e-14 -8.254e-15 7.141e-15 -4.393e-15 2.998e-15 -1.103e-15 5.289e-16 -3.243e-12 -3.939e-12 4.948e-11 -1.489e-11 -5.428e-11 -1.483e-16 -6.008e-17 4.903e-24 -5.691e-24
k[2][2] -1.184e-05 -8.305e-13 9.900e-12 4.744e-12 1.961e-12 -7.287e-12 8.896e-14 1.302e-12 -7.970e-13 2.087e-12 -2.757e-12 4.252e-12 -6.960e-12 8.880e-12 -1.480e-11 1.745e-11 -2.800e-11 3.058e-11 -4.669e-11 4.648e-11 -6.708e-11 5.884e-11 -7.995e-11 5.834e-11 -7.544e-11 4.020e-11 -5.195e-11 1.223e-11 -2.194e-11 -7.808e-12 -2.997e-12 -9.902e-12 8.996e-13 -3.243e-12 3.132e-04 -8.698e-06 -6.496e-04 -7.774e-04 2.033e-03 3.935e-10 -1.177e-09 8.720e-18 3.376e-17
k[3][1] -4.585e-03 -1.161e-12 2.307e-11 1.834e-11 -7.424e-12 2.995e-11 -4.261e-12 -1.941e-12 -1.947e-13 -3.740e-12 2.890e-12 -7.733e-12 7.915e-12 -1.830e-11 2.188e-11 -3.810e-11 5.011e-11 -7.824e-11 1.089e-10 -1.592e-10 2.160e-10 -2.901e-10 3.623e-10 -4.368e-10 4.826e-10 -5.064e-10 4.782e-10 -4.234e-10 3.264e-10 -2.297e-10 1.311e-10 -6.360e-11 2.048e-11 -3.939e-12 -8.698e-06 2.102e-03 -7.701e-04 1.655e-03 -2.583e-05 -7.092e-09 5.738e-09 2.729e-16 -1.705e-16
k[3][3] 1.981e-03 1.957e-12 -3.181e-11 1.336e-12 4.694e-11 6.345e-11 -4.494e-12 5.670e-12 -8.291e-12 1.240e-11 -2.067e-11 3.657e-11 -5.503e-11 1.014e-10 -1.464e-10 2.505e-10 -3.534e-10 5.616e-10 -7.592e-10 1.107e-09 -1.393e-09 1.843e-09 -2.104e-09 2.493e-09 -2.521e-09 2.636e-09 -2.295e-09 2.078e-09 -1.486e-09 1.127e-09 -6.014e-10 3.621e-10 -1.114e-10 4.948e-11 -6.496e-04 -7.701e-04 1.346e-02 -3.852e-03 2.309e-03 -1.186e-08 1.284e-08 4.007e-16 -3.531e-16
k[4][2] -1.043e-02 1.865e-11 7.800e-11 5.506e-11 -2.314e-11 -1.759e-11 6.559e-12 -2.615e-12 -1.705e-12 -1.229e-12 2.925e-12 -4.784e-12 8.274e-12 -1.783e-11 2.133e-11 -3.874e-11 4.628e-11 -8.277e-11 1.186e-10 -1.996e-10 2.894e-10 -4.215e-10 5.441e-10 -6.716e-10 7.438e-10 -7.748e-10 7.261e-10 -6.339e-10 4.863e-10 -3.465e-10 2.013e-10 -1.105e-10 3.953e-11 -1.489e-11 -7.774e-04 1.655e-03 -3.852e-03 3.583e-02 -4.575e-03 -1.704e-08 1.731e-08 2.486e-16 -3.130e-16
k[4][4] -5.085e-02 -9.049e-12 3.967e-11 3.073e-11 -2.722e-10 1.151e-10 -2.597e-11 3.284e-11 -5.150e-13 1.698e-12 2.093e-12 -1.090e-11 3.780e-12 -3.602e-11 2.304e-11 -8.005e-11 5.606e-11 -1.529e-10 1.311e-10 -3.186e-10 3.349e-10 -6.644e-10 7.261e-10 -1.163e-09 1.180e-09 -1.556e-09 1.378e-09 -1.510e-09 1.113e-09 -9.971e-10 5.594e-10 -3.810e-10 1.263e-10 -5.428e-11 2.033e-03 -2.583e-05 2.309e-03 -4.575e-03 1.650e-01 -1.986e-08 8.165e-09 -6.429e-16 2.822e-16
RA 1.198e-07 1.739e-17 -6.621e-16 -4.471e-16 2.208e-16 8.068e-17 -5.708e-17 -5.085e-18 -6.331e-18 -1.816e-17 5.731e-18 -6.506e-17 6.069e-17 -1.779e-16 1.952e-16 -4.420e-16 5.216e-16 -9.648e-16 1.125e-15 -1.788e-15 1.979e-15 -2.787e-15 2.849e-15 -3.606e-15 3.310e-15 -3.774e-15 3.010e-15 -3.080e-15 2.033e-15 -1.851e-15 9.201e-16 -7.379e-16 2.171e-16 -1.483e-16 3.935e-10 -7.092e-09 -1.186e-08 -1.704e-08 -1.986e-08 4.055e-13 -4.026e-13 -6.100e-21 7.766e-21
Dec -8.293e-08 -2.104e-17 6.599e-16 4.195e-16 -2.329e-16 -1.745e-16 1.291e-16 -1.732e-17 5.154e-17 -3.311e-17 8.308e-17 -6.911e-17 1.453e-16 -1.570e-16 2.900e-16 -3.399e-16 5.534e-16 -7.011e-16 1.042e-15 -1.370e-15 1.869e-15 -2.392e-15 2.968e-15 -3.515e-15 3.898e-15 -4.101e-15 3.944e-15 -3.537e-15 2.824e-15 -2.036e-15 1.246e-15 -6.403e-16 2.423e-16 -6.008e-17 -1.177e-09 5.738e-09 1.284e-08 1.731e-08 8.165e-09 -4.026e-13 4.932e-13 3.977e-21 -8.911e-21
dRA/dt -1.311e-15 2.930e-25 2.180e-23 1.041e-23 1.926e-24 -8.587e-25 -7.900e-25 5.587e-25 -1.507e-24 1.948e-24 -3.203e-24 5.140e-24 -7.583e-24 1.216e-23 -1.699e-23 2.662e-23 -3.555e-23 5.254e-23 -6.665e-23 9.192e-23 -1.094e-22 1.395e-22 -1.527e-22 1.784e-22 -1.753e-22 1.844e-22 -1.574e-22 1.461e-22 -1.032e-22 8.233e-23 -4.392e-23 2.918e-23 -9.304e-24 4.903e-24 8.720e-18 2.729e-16 4.007e-16 2.486e-16 -6.429e-16 -6.100e-21 3.977e-21 4.140e-28 -1.665e-28
dDec/dt 2.222e-15 4.211e-25 -1.562e-23 -8.683e-24 3.384e-24 2.673e-24 -6.977e-25 -2.252e-25 3.258e-25 -9.747e-25 7.528e-25 -2.640e-24 2.155e-24 -6.092e-24 5.162e-24 -1.311e-23 1.174e-23 -2.539e-23 2.276e-23 -4.308e-23 3.717e-23 -6.346e-23 5.098e-23 -8.012e-23 5.823e-23 -8.541e-23 5.477e-23 -7.517e-23 4.086e-23 -5.156e-23 2.168e-23 -2.426e-23 6.129e-24 -5.691e-24 3.376e-17 -1.705e-16 -3.531e-16 -3.130e-16 2.822e-16 7.766e-21 -8.911e-21 -1.665e-28 1.918e-28
