PJ01 -55 3.666e-09 5.114e-08
PJ01 -45 1.019e-08 5.407e-08
PJ01 -35 4.004e-09 5.501e-08
PJ01 -25 1.028e-08 5.624e-08
PJ01 -15 2.729e-10 5.871e-08
PJ01  -5 4.259e-09 5.848e-08
PJ01   5 5.518e-10 5.936e-08
PJ01  15 2.044e-09 5.779e-08
PJ01  25 1.125e-08 5.816e-08
PJ01  35 4.530e-09 5.749e-08
PJ01  45 1.016e-08 5.569e-08
PJ01  55 1.734e-08 5.357e-08
PJ03 -55 1.067e-08 5.866e-08
PJ03 -45 1.137e-08 5.854e-08
PJ03 -35 1.199e-08 5.830e-08
PJ03 -25 1.316e-08 5.828e-08
PJ03 -15 3.195e-08 4.465e-08
PJ03  -5 2.333e-08 5.536e-08
PJ03   5 4.314e-08 4.965e-08
PJ03  15 4.431e-08 4.712e-08
PJ03  25 2.105e-08 4.094e-08
PJ03  35 1.049e-08 4.189e-08
PJ03  45 7.332e-09 4.485e-08
PJ03  55 4.944e-09 5.919e-08
PJ06 -55 6.545e-09 2.191e-08
PJ06 -45 1.175e-08 2.203e-08
PJ06 -35 1.600e-08 2.941e-08
PJ06 -25 2.825e-08 3.928e-08
PJ06 -15 2.069e-08 4.371e-08
PJ06  -5 1.648e-08 5.209e-08
PJ06   5 1.433e-08 4.919e-08
PJ06  15 5.981e-09 5.683e-08
PJ06  25 4.097e-09 4.699e-08
PJ06  35 1.270e-08 3.064e-08
PJ06  45 1.597e-08 2.593e-08
PJ06  55 3.025e-09 5.801e-08
PJ08 -55 6.306e-09 5.660e-08
PJ08 -45 7.447e-09 5.766e-08
PJ08 -35 7.540e-09 5.559e-08
PJ08 -25 2.377e-08 4.296e-08
PJ08 -15 2.087e-08 4.499e-08
PJ08  -5 1.486e-08 5.603e-08
PJ08   5 1.239e-08 5.158e-08
PJ08  15 9.688e-09 5.886e-08
PJ08  25 8.249e-09 5.640e-08
PJ08  35 7.607e-09 5.360e-08
PJ08  45 9.261e-09 4.438e-08
PJ08  55 7.083e-09 4.655e-08
PJ10 -55 6.944e-09 2.349e-08
PJ10 -45 8.944e-09 2.533e-08
PJ10 -35 2.615e-09 4.163e-08
PJ10 -25 7.699e-09 4.374e-08
PJ10 -15 1.620e-08 4.895e-08
PJ10  -5 3.811e-08 5.369e-08
PJ10   5 4.786e-08 5.339e-08
PJ10  15 3.243e-08 5.122e-08
PJ10  25 2.769e-09 4.873e-08
PJ10  35 1.639e-09 5.021e-08
PJ10  45 1.142e-08 3.063e-08
PJ10  55 1.966e-09 5.944e-08
PJ11 -55 2.458e-09 2.848e-08
PJ11 -45 1.369e-08 2.679e-08
PJ11 -35 5.841e-09 3.479e-08
PJ11 -25 2.027e-08 4.364e-08
PJ11 -15 1.050e-08 4.917e-08
PJ11  -5 8.633e-09 5.556e-08
PJ11   5 3.188e-09 5.429e-08
PJ11  15 8.463e-09 5.771e-08
PJ11  25 1.151e-08 4.512e-08
PJ11  35 6.014e-09 3.868e-08
PJ11  45 5.385e-09 3.172e-08
PJ11  55 3.645e-09 4.008e-08
PJ13 -55 8.702e-09 5.731e-08
PJ13 -45 1.632e-08 4.400e-08
PJ13 -35 9.499e-09 5.949e-08
PJ13 -25 1.739e-08 5.188e-08
PJ13 -15 1.057e-08 5.920e-08
PJ13  -5 2.020e-08 5.880e-08
PJ13   5 2.239e-08 5.630e-08
PJ13  15 2.297e-08 5.833e-08
PJ13  25 2.219e-08 4.770e-08
PJ13  35 3.822e-08 4.104e-08
PJ13  45 2.088e-08 4.016e-08
PJ13  55 1.514e-08 4.085e-08
PJ14 -55 8.244e-09 4.114e-08
PJ14 -45 1.019e-08 3.837e-08
PJ14 -35 8.569e-09 4.775e-08
PJ14 -25 5.976e-09 5.316e-08
PJ14 -15 1.983e-08 5.077e-08
PJ14  -5 1.700e-08 5.388e-08
PJ14   5 2.963e-08 5.409e-08
PJ14  15 2.606e-08 5.215e-08
PJ14  25 1.085e-08 4.365e-08
PJ14  35 5.746e-09 3.972e-08
PJ14  45 1.474e-09 3.842e-08
PJ14  55 3.963e-09 5.770e-08
PJ15 -55 9.310e-09 5.482e-08
PJ15 -45 1.128e-08 5.018e-08
PJ15 -35 1.156e-08 5.404e-08
PJ15 -25 1.381e-08 5.341e-08
PJ15 -15 1.378e-08 5.654e-08
PJ15  -5 6.148e-08 5.380e-08
PJ15   5 3.277e-08 5.361e-08
PJ15  15 1.536e-08 5.777e-08
PJ15  25 2.211e-08 4.703e-08
PJ15  35 1.298e-08 5.647e-08
PJ15  45 9.274e-09 4.768e-08
PJ15  55 1.412e-08 4.098e-08
PJ17 -55 1.571e-08 3.868e-08
PJ17 -45 4.477e-09 5.297e-08
PJ17 -35 8.734e-09 5.043e-08
PJ17 -25 2.303e-08 4.985e-08
PJ17 -15 8.902e-09 5.905e-08
PJ17  -5 1.026e-08 5.672e-08
PJ17   5 7.715e-09 5.822e-08
PJ17  15 1.164e-08 5.753e-08
PJ17  25 7.510e-09 5.874e-08
PJ17  35 1.063e-08 5.204e-08
PJ17  45 5.377e-09 5.884e-08
PJ17  55 8.372e-09 4.589e-08
